428800437
879358997
771954613
334893458
400982175
460822804
487041875
859807101
519550985
162573353
21847479
485656118
326536875
459582811
426815352
209262178
714241359
878520070
932781392
508118287
379611492
573539371
400117673
722487822
934270267
110013041
273746838
47051849
913017741
933646672
372586798
472112969
379750823
543593792
574075734
826100393
350389294
737211638
695014131
382867746
229801368
637159077
513369805
146783070
453920418
467272275
642403093
351556461
896400565
102254447
875385910
59171123
547924119
360335239
396021254
726985014
311691767
460669215
28202078
558703388
500680098
366797067
409772759
120145400
46921487
218795421
976741592
864965549
347209171
481487519
366805575
425162243
347358935
515339009
320602164
210229740
472349063
290480698
652520188
383604202
521923692
293894089
629050636
42766824
997087906
304374388
513245610
144885360
33668903
397197466
13689276
644358616
191789877
284762290
269774898
674678060
303646956
655157279
935911266
962288211
971523894
601668265
568375271
703530289
713659660
832746118
310481506
511843359
977917160
989594578
348422695
645626992
531247820
701627417
40280057
683562204
615446759
592054067
583501397
556848413
158306972
447581457
422832495
631474190
855440240
345928835
710212239
987382056
973646309
857956275
208000050
535804520
195218580
569685584
589780016
732411088
104941731
221470721
116527208
986319444
285290618
543975971
632622099
438603553
633289917
982345024
954250621
607974465
672364309
767948765
606379802
580429491
933421042
730541599
543739963
711848788
987618634
248749529
486439711
879844957
799914576
305935924
135861640
835402923
174768968
263621337
716503822
47820398
467070063
887961827
171931064
67154614
321816251
496599434
220091713
515926464
713571393
826954405
470210957
236095834
220948766
405641963
183733654
441064306
158726089
34268192
930537714
999897538
352432116
956140460
749690016
644025889
869910250
873384499
443192804
222670109
432650672
248564833
764652416
919341672
321004196
271618811
407211298
342093773
60001146
898042416
902615898
455081881
858432178
277367242
730635630
732966074
273808040
792614091
477792727
54101943
105709463
115946703
799699487
742200402
728725792
292718285
855804357
755729596
41107129
363052565
160702698
890830562
438634508
640735058
518085768
858599672
951594420
452746474
875252583
936951832
527602930
166444891
73680417
371477796
360303305
365288200
119402489
472550181
89908750
890107362
182881514
142070430
677433017
101848617
355385921
224629903
368811775
915838656
646378204
479829730
373585281
472377096
976655761
393624454
521744701
67152257
877070361
615108879
995949998
359458615
113216904
825245430
900265952
743352205
344402558
434809750
903156277
82253488
767640453
665595496
612317269
816573053
304854092
907971042
440730705
399519073
830732268
707925855
483566177
902103136
200300171
721504964
564720886
930669029
732090807
7122111
770240624
173407379
749310302
270135799
40718829
102484382
946550293
997114360
72554607
58835435
746404186
622493194
738748058
53858830
73282229
574632408
921300884
903248383
909586615
347143790
209888057
700046517
805185757
654592762
547914387
251608737
804010347
197875233
476458452
410969991
791381392
554661033
895752158
243971204
683930823
205308901
642223959
861420337
830582368
295532832
680091637
811965621
709625119
40320007
190781153
828378154
187992866
690110665
410140362
45726507
213654225
628892472
946144867
492090075
255712106
409082927
42388130
148944771
819669908
862551430
377832293
846000357
621293025
588232031
863913800
742127960
772439386
369546159
697616154
848642525
707126556
950526875
850507858
395199913
747109794
240548316
609217087
671987772
714916632
741132742
415575114
211693386
139017751
264052696
114032534
291456863
431262120
726706367
16139267
458030465
989477670
545353148
254006702
63968084
131492919
510063241
88071358
980983035
895447347
357336801
244167163
702833972
48449342
617831933
954774379
653853073
220837845
682507157
809984803
791430091
705312926
780323529
891928618
902724278
241316473
19695348
465511977
668352858
38858715
985398153
140710887
810899687
107888081
203045180
251401024
277317583
1332494
649546211
929702027
909335990
616848133
733459646
564272337
776556444
25657282
700803395
954891950
748231996
95877079
357998769
506991823
781980825
215071030
332005461
574801036
13932234
736797946
177964947
174158013
699139520
995503315
638703408
319299488
545456234
773980317
255624375
362935288
268115768
822810541
74640579
613811684
652567126
118629961
967648391
914494696
205256042
826669355
791205947
315629650
994917880
884482452
64441222
699384358
33243260
369853340
944228069
949433944
144012526
591396778
500238017
865759467
86024810
710608381
372499060
533979320
320327570
434583072
889353712
398452249
675244930
779108476
670387102
40172932
984848697
39933654
887549956
268777789
641729139
734266023
478142896
547963661
390561317
923036833
867787136
94701067
956228374
589495646
479677183
615781449
289074945
878241103
998597359
380100513
886437828
900521900
902151345
252569572
703647479
933565888
578572422
732138817
815793785
600956235
421526035
334324841
783605187
701150692
527588536
205864585
658335137
179487059
80021471
501899590
121006176
337338343
678779956
61935993
612818196
416009501
686940436
434247124
594504172
500436207
627834318
264430040
882349094
949053668
894357646
996549008
434272422
247106588
946541176
884889138
650855902
955934685
679679693
869012486
232571200
653826570
514716249
104215094
37008485
899371728
149288034
603616337
719209879
279996086
810557969
543895484
933807679
236320267
918534375
597207726
786425012
187483646
857728884
985557406
931816463
395399946
234283401
991238172
68033672
727160917
86601122
615694838
316344396
815742603
146718614
586405352
176122465
98769725
324703334
362639186
510678873
150184434
163488481
338081402
248742771
136379137
456189234
885548214
970938210
435635958
283651291
439518927
312410972
555967723
980081760
852114353
712308396
227122400
31863301
782580179
186273329
55048342
554474994
182410168
600454293
191780572
763909674
177747009
149146620
320366551
209442071
907245416
995271728
745341753
235510809
554113944
767833184
630764897
888321929
788167165
409945223
773507856
969190914
98625330
132430814
168494073
210895160
68006953
181311230
49153888
825005747
650450373
897781274
784058976
282770283
240190987
584157661
467053182
334133169
311520541
399345833
980009774
699306229
713616074
904045141
204309042
127867048
443292273
412243511
176671181
155342779
163239388
676537772
721074692
160531798
789155825
141124553
200102547
833459539
229994594
827454963
11101486
73393711
174978982
258496869
816922201
28813507
835065379
654391367
527447794
19436269
354019148
101498412
874723467
338066467
585565
816836332
628048624
536046289
11625146
509370881
237985222
301378086
885015663
758728714
759223156
290182237
699545460
559962171
531262927
410850812
438632605
89783557
841709622
76242735
675218891
873392781
251151232
731695154
35509206
367394137
516495696
918076138
735561556
630621396
16453473
555170267
110656514
391041664
159811626
201659252
558336097
294469282
578920976
800324744
862344319
558214980
992725868
263733185
130445371
282180666
462716515
883684717
720842251
752830919
198237929
962765194
735871396
798486646
802071194
956659696
358961786
49199966
775724696
551830177
911284662
864752239
257547894
414683892
362211975
183647227
11862339
392175829
249785175
249016262
967729097
423865429
439754212
662448969
282218295
370865571
706577914
415538633
936720909
307556024
286411184
607738453
104273917
794047190
911461181
540656514
372293256
856119619
19863076
618207319
315968261
618029839
349589900
325852909
512792881
921162013
314615717
673221324
128296338
463689161
117093838
753150115
623590535
693743820
263245993
368333201
901373053
325881116
169612917
905517140
277964040
6690181
526663212
532660782
576175767
38841162
329549074
245372807
128557101
561184241
74147820
261046508
777825282
34412759
434474424
423658733
324849963
719219485
141938033
180298340
612977865
919205268
357420901
163399779
723073990
407975124
647824086
783548191
517037269
631340996
256012260
825432233
725965819
469293551
826163487
847828575
986220118
361248900
714834410
156698423
630143954
565061806
14804241
905205646
987794798
838040714
463180121
410309752
657260225
880993561
912494368
883299681
965096896
445388332
702122319
687734288
911630422
225774013
203317388
43389144
433161269
568048254
306837023
929043317
210129148
674820404
567721480
302951200
704079332
372591582
937930610
979471818
218232745
482453964
204138925
597297795
288827743
821330649
27255509
732035032
122764916
163525033
121246325
704753891
275231154
738054237
564858194
833850137
728042225
131738440
804062077
107631639
271017288
883517557
464036820
183724917
467729651
427001944
265444064
985667282
195565090
183684094
922238766
542651189
25315924
422822290
411682552
887720978
724569765
942109115
841630868
646799413
552686715
15742668
90624439
167724771
769590874
490810296
689686190
2708576
825101630
628864613
932312969
800442135
415656512
468589147
422245303
372435493
421495011
632046427
928092521
414330636
501976329
209505834
149268348
663652491
324582922
687496945
953444900
323971148
234128012
194036446
8700636
427832073
974996444
865790182
468032270
166181403
65147951
116914345
369772534
748239941
842854430
297545483
578212092
328044857
188164310
843932684
602207997
11566642
95229687
420559323
635251915
568451208
350852601
545854174
886232517
621377041
273469630
174085643
648917855
96267614
176177020
853787865
921402004
289789465
63781469
60612610
802321461
889242388
280432050
305333782
851832344
19632140
725808024
872627739
147348594
413142967
80586160
99533524
352642568
350371510
954064403
133758903
359665680
444233533
705546423
310771871
843506230
609516205
826392127
418388156
839242925
389603008
324137279
680088002
779829922
560341473
776138453
710896532
428875294
852198391
192858897
890200737
277948277
112254326
42882959
421018605
245721611
422431390
626926578
836098484
22354871
299241952
819088505
715847084
53171448
975235338
113727010
659826191
187978046
96083877
44020595
927228609
880038218
251536650
851643191
763127910
112598704
900104891
445216869
802236827
672797654
734518963
925970990
518137061
528790526
98026126
939435960
374459136
694771212
483703385
788272148
829553354
108682771
435028448
409541676
172251542
12967191
750923189
853325766
921853978
914791412
262554027
428132891
637776611
907748373
697072618
42696671
935214062
805729888
717117462
448257380
861296321
211174573
850860491
259784885
170168642
784757976
395040357
254321772
287299388
750347332
172267485
266748931
601214775
398601715
967588807
994818983
456154712
4384668
268328213
574392174
47318652
886178529
370553787
722994042
947716283
968663894
839825972
718004122
869444791
369090977
372115948
535010919
477418763
533511154
622305113
778158042
695053517
249404331
45738407
284315168
833286887
593460276
604063482
576582856
952189958
605592484
129573946
538975672
603251101
824277090
204844671
425074165
550500944
948554681
85082786
773935751
395667489
97820202
670739129
468872781
48651616
997561793
309060332
891669401
484217078
263482528
694076004
812922656
862506880
354110071
847925395
121449291
197533486
556628212
552432211
460287058
392342378
252001510
614054238
456051835
442588801
798295755
646422672
733433475
814161937
323553458
563430804
433620287
922343319
22228337
11103274
621148968
202801982
3633532
37432430
7887439
99883216
192331326
790746051
448752008
233593013
684780590
956343208
695477571
142490420
388535655
624867567
998972665
211739765
262019191
148027904
532705067
370496190
369991194
324041736
407024511
562582012
806944788
982185630
436853159
898720301
57864705
567120071
301582306
986669042
630964835
25040279
170227770
955341369
614266611
893563586
676505711
448451561
747149110
588146162
70131656
471714164
339649303
699498655
397014633
403940934
784391100
281757364
345543047
269156070
734824926
291604356
231415229
225114547
465764993
748289552
86360943
216973654
704685872
718202773
692682072
328630140
779638797
107694763
95026039
235430894
121192174
403285864
875796083
605805394
347587870
688177045
436998076
644407491
82527366
224748170
469486581
452665184
118249007
615069018
454430126
134258081
553914060
314270148
323004971
82059703
249536761
240335340
466726106
703822490
396222583
228431826
779160151
721779455
501156887
568943548
563032099
248418449
426586763
677716721
947709306
113498083
736283705
852986492
435798303
660859706
672017802
204156344
432653409
872046249
445278721
238376097
287772125
158067780
666661775
976480202
379888034
890519651
784174042
231583309
262929279
521905528
96472113
143350831
691387675
734011252
219181593
217980571
999771475
186956065
119378127
882451906
405995750
363111616
918694353
475824251
851341865
513900483
655619717
505909890
564448713
313639730
898905842
913658089
124160477
682118541
530864957
198627143
288477029
909046985
778778842
218720378
546831213
240117388
434541111
44309303
961608915
761201250
226522994
123932205
839553785
313243050
884093962
173644284
701749068
899646097
310660416
497828913
735720535
571909678
790112371
223451157
471735956
835651663
130901254
17242839
945921846
658177319
564862171
502503040
178688420
724538666
997880071
609521820
949389956
689109728
543360312
317948279
861848541
201691174
427373163
645374717
680388960
349727399
961507044
653912267
508676335
907762315
774577559
145591255
603746652
274734410
759297724
663305831
197058211
971956418
956059712
344072096
209970310
211122831
460395605
867003218
573270422
554806641
835040474
673949067
540345441
301762914
786641958
765226146
184809410
369428631
287140689
293828193
547131513
812079939
693565943
814568185
304602164
186625883
458054409
894484019
998222906
382753419
22200707
992917551
833925248
519175256
371365895
907345168
267540808
418916815
114403088
527478446
417800986
939915586
40146172
681191158
725873727
711476786
852932365
672019869
368778020
28083791
970510233
873390621
892747303
786078848
841494094
321486185
504219754
145650261
795416881
190509291
271581146
468161441
60239498
74451658
426910734
271628048
722896866
801285102
122043340
338402756
59332380
642271038
531531649
380716139
511153697
357335617
700677983
523345688
153644174
467190927
398865668
401761253
275131312
393942211
311401698
359186713
472017316
444789856
162037001
777930817
245351025
546549225
107344168
564508293
923337555
332800444
52033152
936848949
19333609
133616288
56536081
988879357
931824418
899790075
139456795
256371392
861565254
22330955
342753662
821047267
453709624
164761971
169716940
483797645
489053169
489046879
22216573
277567509
517330173
300223707
764132291
782551532
857688598
837792157
811168830
482265177
941349693
670047974
702956922
443802277
246357477
950384973
754058813
321062396
788833145
396122676
424900194
900063937
29454402
357099512
354382522
568404683
836707451
278568914
613030297
506412188
507472473
743814277
107896238
943918159
610693287
307298923
608050714
562093872
751897084
37637924
682477369
641342273
752497475
146408041
930472850
377672835
677259373
558937639
114856877
568189194
986899079
295560334
81375061
578172815
613510208
702914580
874125060
760253772
180224620
395867691
249056803
771771934
700644757
240486966
218221763
144073117
750987954
365120861
750227808
754075760
418700723
403975109
910228786
310586540
121254835
466610631
897385377
374805701
712057363
292936385
82502316
734024447
426747924
924405942
489254766
498325559
243453580
414572096
997517738
937282857
603996906
961695546
84857726
634454762
658032314
717014238
976027328
582232325
518049675
90332756
958331634
617498190
694237556
215624617
623903437
929467160
260980829
12152208
976915432
381936737
971967946
708662482
571629857
614472880
254679640
72373925
246337646
469701871
676948243
398796372
542146182
844564515
296791079
903781030
201778285
942792443
790492493
484249961
266691671
451819532
353217876
29068202
576298496
359636885
818426974
546621675
151252772
839616696
89824723
836501493
34471597
142536708
295541012
12872371
671677234
686941497
227157398
63475317
801389556
743209139
696256361
939656024
740224291
3058673
200311020
953085971
74730748
601840668
759172864
475180090
672622606
967809521
537487191
379731106
955791153
409918258
968929924
839739677
916754847
578272912
471614106
444509015
144267470
106701982
607261705
65115872
444936114
817030623
225250696
966138604
737947611
798906372
255459684
59366858
94822917
80094436
896317489
47857861
594580244
713925001
44989138
51250723
968178489
410409562
13429228
633503293
98222914
973519911
831699130
119980807
547260119
3624988
286181277
894940123
346260689
746670436
5896060
106961550
538963815
741301964
516735437
59546251
22520375
782785018
425448370
661107639
523604291
436446570
677389259
492760601
983007585
572170672
970580053
547100390
757468025
536497478
820262433
543837784
956142532
147993167
486111399
917436195
770085956
831511468
270662305
898876980
264582730
206989121
219264355
591431629
799985237
984876644
258275859
465536370
204758725
592448629
919198921
395329494
160366429
25233095
349976168
319723543
786697756
611902308
20108437
149108637
766351193
423680654
122241028
913712247
332555561
78692369
766436117
111443695
678667207
967247597
992711870
594388322
820331519
566130729
128252255
99511770
456759971
870059038
798381503
570850536
962712045
418523524
233297512
970262382
827808714
195946629
925045958
732765736
540103328
988569668
918818682
420943429
167710907
668549848
132319674
970784731
854651772
20938632
618464855
273729137
536742586
876778665
168748998
889340627
162404487
521532109
707048360
214230643
621133829
617144276
376048981
417782679
7366945
73083993
129494529
752984738
633313477
857380480
938171045
264112493
798962799
497995030
611194030
199706198
60155053
676661932
537456138
258740640
677477336
179063827
237148526
376776393
834201714
590883085
850903555
859412510
409489074
147995610
335649071
317293297
306801643
397234378
357449447
261170371
664167585
285343280
642158057
764073226
814562906
512708061
774559714
489775789
135401114
71618323
12348324
838549609
832211942
173859914
366268705
518605454
727416647
877442560
117669072
506210623
266382148
916191239
716053676
606217000
92486416
976635303
912656379
987327470
673865785
296718398
238924127
330580636
17368347
972434960
892451491
979559600
92891178
359476389
114727137
48802859
181946523
437585865
271606670
772472711
124250201
458553136
295668428
147162624
850864476
442639433
59798443
842594509
414698285
882831319
468839417
205964047
548781068
446469595
364863427
694711020
732850012
638833005
793333437
991517567
700023883
231691495
668807519
982073334
184121578
905881608
39292673
180985000
353100107
974616944
351775298
266910916
420626755
100018365
451197310
133579724
355403035
696048967
332102287
519726743
238548517
910537834
949433644
205500515
102348799
866155166
335343727
431086403
989015656
689565807
496267747
695852740
482716939
278561733
264552637
625636259
849461738
948163772
14593088
439278187
447011486
40869689
812953642
744032315
164970827
292100117
49643185
427323822
735792087
72353020
379007325
227276309
135833947
204340443
933561529
435077237
808754346
568258108
615652557
757518110
169782935
473699268
33588707
319505950
464649755
387508106
724087848
727322748
772861169
319476958
626727511
814607141
815268083
593588036
770761022
253591626
576844496
77061364
533807414
875209711
298809556
79109315
969604744
737317212
935578912
632182791
681518378
663887490
936058985
54013210
296897108
909928751
346618113
160351731
787980629
898740523
931418339
109874047
932041319
79215430
930315618
217977184
735076720
462436428
212455564
187181876
788395984
834539321
542893415
206631780
282636159
234969428
343973917
783334585
912349347
993288081
228242991
142935659
501658517
612624978
1633173
918551145
611744001
929378621
418397402
545323560
906147975
128400526
231976403
788565189
628671116
687736890
481709174
82172233
711263209
708399559
765245992
714191406
499758917
493484279
885259189
303943622
511221163
140020387
865144268
394347461
902976113
938915481
157063741
354082910
665974617
373433347
17296438
407287431
455698359
255158116
77465028
142340029
204334102
564092115
900113684
817565257
514271704
442408854
419423142
831564838
699077150
815609372
586897804
375379521
898953018
478682986
783694370
458551648
191476924
503289163
507677465
288399088
827691085
418726850
556581709
49138896
603097014
93269307
586307146
677253817
834301724
651527305
710557836
142043734
851332593
57913571
605653004
661285024
369638863
446904174
587019520
216167153
999657897
678948358
803909254
833794470
307301564
629956970
724348855
106489366
260880062
430534124
196405787
531146352
188426032
189468302
717661201
352862925
182871379
398375190
371061983
741259031
173708886
786693333
120811230
263369592
181508847
575636834
514169897
872061772
185763225
627201289
228593434
843450783
205825283
297707185
543706050
145793676
697561080
310198770
929922180
885426626
400089239
578449499
816400976
190878539
676813148
467307932
968960219
838288760
68358331
844218761
894062801
862954177
91211137
886566534
291575788
497453188
830122207
512602576
278177963
647311946
943643017
854441650
399871158
219970802
198122084
313570456
498421119
812871812
890584221
574261685
759533831
93765443
946349873
498739260
991637112
444418146
983418911
54844213
620723599
815442853
759912758
745844311
76853504
300066139
865412337
984856018
828045576
319899116
425360739
831642309
486245962
241261808
850055881
397494655
539480654
648626968
112023894
499989507
248470776
311308461
272889430
492681821
975856992
66335071
431398415
639166339
495606358
139747997
431649762
277585101
877674089
311786538
379568475
735830591
174703707
460320374
729605364
583717945
100454909
641086928
756128856
575921862
734946885
33381036
596271923
714695728
46186135
645634151
833763260
684207905
56699229
384694724
164889776
295900567
538227895
349552444
721893396
567248117
982915815
415011628
343670703
932724492
994386973
360376639
281118077
220591027
262952054
281981969
877795168
327725295
658241370
516592873
712186794
849361503
12321014
469495357
501464871
839106361
517453081
908647942
786057866
825251754
811676729
720666195
198330758
992924257
604333133
965292170
680620179
147211440
302876634
288515070
982595444
255178639
461486037
228184402
849779429
265919970
14300871
307839148
70916839
140207210
426851488
965272998
377451303
344613011
423143715
282331139
447761621
945993338
655082602
395695875
553740170
236387631
568358491
43550488
855629319
202448571
913798919
222034273
687069329
869384736
760174959
978403494
425799709
235196867
636616464
895294656
48290557
695880607
959395259
966389499
911802526
114443625
216854015
589352252
436171099
860859258
229080829
354551982
391316446
888576303
220521031
597068108
121429307
443437216
516276832
20619645
264652222
195388070
260694597
373087397
740316380
221562377
159933916
579971855
531925455
11872150
7226168
767032456
750444527
653980615
707792737
839188833
625028385
398435557
394301506
818047411
378108685
233751690
854992767
129021475
398594017
889907531
884265930
696604173
468653690
579965190
115016169
124846399
866405758
227456005
98949897
381052663
347271026
844988242
204453964
690677991
949775748
867326180
933806088
150158075
983812768
731915173
896299162
566806644
495843402
917363482
655457533
319833087
772577397
372286471
510520693
988139477
68984028
233261277
193555734
143555599
866406012
344433411
105743033
898368618
35305155
643748430
205202213
299346324
601363371
933021953
941358802
565189653
263695089
17647624
567762524
907934223
87712972
75948012
377081712
461182611
384785068
748782139
647095980
894043553
726910939
827913874
805493989
699829082
496729565
137578682
487656020
239604815
540668409
644387753
537622747
73106070
408016098
426983931
489882961
976415224
962959812
449430595
543781981
811459783
554287322
497324723
369504440
790093302
720612118
973830399
871197356
104415138
202479857
720509531
565505592
293086022
126116554
756677090
186118142
271446816
115886881
613076128
831779428
1353522
421491439
156628564
173692765
146937014
136555639
521817096
234313786
807277781
797377292
384018255
555222483
776209098
811117130
528422747
795424205
17595746
906700400
145860389
410847904
726030399
332905514
352721975
77684230
508485933
266014295
635776624
914516116
283909304
353442691
511434456
850838402
844468926
791890703
309043481
447679023
381242518
364896439
930124995
842148897
160246695
561785364
448102424
796187663
965863424
23713861
172759237
714541004
990540633
141375838
119464029
190064850
386139017
410038624
718263747
740561708
810659194
726154871
537100208
19821768
390557238
739693672
29264472
557020462
240652100
740892215
862870518
66547077
259211807
885521545
547030475
515102218
817496835
835671517
800202056
346434264
341095284
343173371
236842296
178401885
297094621
875679548
328413101
840752531
47663584
6299762
284961374
588201159
250327095
83738096
222956970
934529389
799733055
470382125
610256200
751053551
281395302
175913254
593560705
762662774
523732780
41450450
893933504
22201972
190528403
744117725
813261158
81850110
886313847
984472966
73060156
249694517
705937545
633713683
648903027
456028312
251718864
688263564
456965948
203231409
701835701
147908806
588909272
187930616
194302077
3835882
868840929
671506513
559621324
285811553
165644059
65123318
783021764
446821292
59968020
566299890
597810810
922444695
353238517
769582544
671994390
190362261
337134201
563807584
602293568
84087849
172001400
602493991
722622276
455727589
601017816
523755707
606260345
503747033
196908075
122699072
880905435
223836161
883801013
183462902
46349706
962419137
999251364
387596142
810915630
65788103
363314742
28756313
411279338
609613048
873817100
347610017
874656779
7596120
780518462
210241719
958849686
598267468
682862378
603864015
534308129
530101041
106492743
497173732
336036517
240104428
164038188
79115352
473877289
823445681
651889640
783082327
10097416
285451542
983727867
313836298
624976883
81386018
954574138
78837098
452799668
358968975
117466298
26750578
37956542
613704618
14947520
395569843
281461865
283025058
206169132
547374018
7796844
921205045
334111769
779044430
588187310
348027064
205522574
392562278
321343341
910282077
556136752
196116448
853383741
174386159
502025154
245955908
741877504
799580170
41398621
422693124
384788189
652371281
490327045
460486541
272691442
286771174
587230939
220925186
21103826
309568774
137618581
78145920
243759204
24223673
698031175
584836829
6350221
780774902
259771160
11128086
825017764
145281534
213557889
586791409
17668448
869714660
715487811
852656589
350593914
146269782
315771624
316022795
174121032
922846526
317017088
349943652
488920480
101214002
559820889
55547348
766054997
398762504
193726111
660422094
837976634
77044297
844001629
300747908
998957543
949531419
306051510
245862450
364479942
173225721
835690594
826751606
586633676
770787609
150164524
432712593
926494435
351940553
149255631
985261928
85421255
52165267
941007078
563754126
560150362
101307398
45734510
18671405
611556248
203165620
329871788
728841698
710564122
935616415
142837849
51398458
73704927
677743372
212000557
167129611
110900694
558695203
269317619
604158971
47939693
972388481
91772307
383274566
45979987
102298593
970330682
281502921
623292743
401619356
787346384
644097543
310733129
100985113
9494302
543528766
564391443
387056585
210425457
416322228
724907180
445604121
837877175
30250044
84522488
407575786
871535575
265041945
164822931
507642670
137394826
712597415
525944934
351511484
808256857
645342445
453491243
414921886
874982187
468591446
81844654
97547992
614898560
400273896
530011221
830709692
225263777
678376880
826810246
251410932
292280312
187866014
255324489
638081742
427545655
458272497
463966660
534858583
938121367
41088721
706076510
746597497
948204373
445955887
798092497
846462399
953223677
118506125
588693379
249286168
669956920
454258228
452069291
278969463
619445329
218254625
590830872
762599237
31828035
91474283
274809284
899145748
275423099
991220194
869225894
684330690
925372335
584417520
36421382
829918670
644599122
40639601
27292918
191633315
189986024
393284748
974851526
976851656
732933996
879184063
448804419
810226982
784360969
980551024
44600174
328365919
92067781
341722860
605086740
644014897
405787426
141164962
804670026
721810305
421640955
387536227
437047698
634419346
688259185
575307899
869072705
497206387
161614088
292311147
581597075
625474667
733247056
14542448
288547958
518747378
900229936
444794063
128373417
735012597
547974056
434670972
281255124
496836314
23489492
893947486
208875451
785922574
90255819
545187185
100521956
131744055
105197798
232480968
412575591
985644921
953832665
413665334
464268137
648795994
242225811
775973138
989645462
728410626
538712062
89672824
980740411
446666477
552529176
600601612
342277989
537615944
948449453
5458095
866855887
268073490
264708503
463515680
444992797
991417324
890543311
605532795
49403705
831348352
907667249
443929649
320009029
41614539
174641965
907509089
56836137
311245218
546133480
37025593
274074571
969989418
178126848
267012989
624327742
318675737
598904332
871766235
429622680
885323764
19186532
916740879
887099309
800705
691372964
60411763
440885
168211037
907453984
138199846
728912105
83227120
213733338
648670052
562776576
331349423
685156945
94374100
11877509
299115115
915354235
620064759
494133649
65633140
277169282
906433103
97620651
917853633
456085619
785986215
659380499
36884052
782625372
882957480
731059219
954795781
297585161
553438157
577851245
154856647
645706115
736562740
163104950
150140576
750433894
187567911
86970659
424732778
195013676
770298258
737293296
641745847
452427652
206907509
427480032
71251454
526547713
366890110
187369550
265563764
753150132
626851659
383676143
802717246
633603503
677577577
730913928
334861067
226977747
407337473
767829279
739238254
827026676
861563225
952277817
467203669
97896430
424023129
987662591
695116809
138324624
681659415
188908740
958328393
325539173
233575453
669614673
358662018
571721125
862776276
623067744
850219228
301544606
479663627
885741763
150635757
242273716
420961462
590675739
369546305
208646610
174750520
818390810
323707416
186834154
300810397
815528421
21933911
463961385
119496388
350004922
963228725
507073919
653169598
81935020
851810118
197724644
170440209
791437038
644718083
651591057
632237900
141937202
620031690
404146365
621678645
500684629
299636086
988305856
295408315
751815917
984901266
737235442
111098381
834140641
366965139
165321884
133968282
27174904
923862617
429050012
951098953
827311002
419710214
90036069
35105330
20269895
488385669
347602519
885293005
221485453
830615551
86962628
333993317
479002936
118010937
801533211
300837808
779951414
531010574
662119915
614203020
128969520
177753110
26375185
739901997
968842312
365835955
945755445
853139612
254462420
330378774
193346840
902669688
292802702
647381739
163064268
257347910
531979306
51921154
367556804
918933221
254917374
351854233
147433051
146830146
965084174
117253215
377012334
528996768
513903580
272541984
607831885
22904078
23189055
993854188
708569011
974675280
261417274
463221586
700370437
97774236
314923631
590477857
962013668
232164929
338874437
673204986
270567044
534080124
735888707
937732816
716399773
341745809
892112999
352441065
480635561
355951292
249322162
979361644
958011271
413813353
415981494
992642902
198213512
802628870
634264882
774905826
344456862
663960952
427175014
995007245
44990049
368589072
297582147
51145501
371223988
780813328
877179693
970557277
373513291
682296195
932692998
408205226
84379509
623729998
896109322
253499599
225707893
260254466
70020506
180399267
831679431
869904875
190329825
912929102
431056873
224309692
323349148
384122522
223754542
826431087
323347665
697850756
522515814
323927557
476762142
455183382
537124967
201927533
210196652
369012440
170816874
419484397
574840096
980384610
467000913
195695159
589246499
476116465
421998056
555953306
543471887
554426059
859321497
595360323
26571718
142812648
412785019
950910286
832334120
247691293
910885696
774685494
824689843
449924182
182284585
965612267
313680533
981333221
234395206
796783076
442741427
35356526
324665626
379641729
210842183
148793124
448472895
531858052
580548400
902590411
173322349
965308300
971938923
479904403
923301809
305364366
6747415
146812663
694923463
928032008
690479417
77602453
863074020
359419331
255085491
190334153
63027773
340726316
622430697
533028400
917392746
942939098
573232555
984727621
239868680
419054030
985527144
714225128
885056664
189584131
56442326
522672352
59349690
295915752
662065984
963414599
398191430
830542605
50962908
36545682
170813140
836265109
621180670
700398342
843260678
843899000
582455731
106554903
111099647
574307036
551948740
979190453
744679458
587763653
622251112
496280571
328939630
833209922
557561417
753312417
48772738
265790880
750893614
940834678
611392835
677650529
168670569
516075217
528481321
817578721
300316156
149584367
265846599
244310264
287995110
992510814
801694803
658893968
242653519
254659715
553358920
939295979
157695386
122604538
189916515
439705917
331838243
84206301
805330851
63883737
345511720
254171211
928613888
243414092
593649249
424139229
167301943
396026436
606293218
493892713
424574470
690099163
737364909
529353767
282465601
671358116
166385429
434457305
9539440
206945710
228396381
165497700
173193857
232852753
747593729
571652238
205775185
555586726
938341134
155869330
176581421
372799492
135083189
655754338
913617333
733955533
462290851
848490615
367969904
391597557
695436995
207026268
266619409
403410851
520529246
175490428
805640774
760492743
862740047
231300956
570147759
330146531
248412377
407819386
116636750
864908219
670167197
544671981
999517679
124442930
529980920
161285074
886117995
66690920
371991445
106915559
55312669
888495507
684351493
494031176
709298822
569306180
515460106
899585091
905961304
646894248
57482430
470872601
496807290
404275816
862803332
894689055
470707526
643468870
422541467
635341330
753491286
349231545
358007326
434354135
865624618
365046889
464267342
956452236
972174369
270699009
621119285
177253099
723381301
726970827
444510818
680127015
48961437
56204638
525094378
723612588
935290674
868474405
315906830
949036477
988776699
930589821
637199452
589213071
403552811
770754804
285172690
774147717
192628161
381980609
223497549
695295804
417330395
581655717
235769533
24633681
48525737
931597740
569433013
121823306
266400222
168902603
547409578
922549108
601164537
341944617
692802417
497440878
493906122
58907316
706461352
97951459
88045450
264361794
178771928
427865402
764477440
972086572
760613442
67333320
169284131
91294826
756945679
662882131
132433363
807232123
642082246
344536607
775447057
652919794
849310458
154351263
886864866
948182250
598746813
606149385
691863292
238413793
932010674
977039628
901987594
957401377
646394589
984677597
654479706
88367503
902949954
893479154
281365690
235980295
110063477
426846004
849267137
47867264
593832881
257442357
25672744
629035455
450698565
888360952
56386996
63154841
961577076
204479180
79612151
940040284
668348563
592793411
975500064
57094032
705199457
30435981
47609090
423749893
314887868
727984235
774802709
212288831
526793882
880501629
771218076
127244739
879928183
217547221
6620574
83300247
298067540
299407018
164889387
157276646
59237040
356248818
298205221
850899928
149773897
449316599
288350226
901963199
322121139
752763515
31140739
249011737
509559542
850282253
985318912
56061289
644938386
105361626
24953142
351676314
838088381
560509659
18341590
718276575
911031046
168611425
811919903
823474739
193048414
232466715
214727808
910844494
589970280
117852471
635063741
968701276
764660547
433280463
692125630
561766571
422588532
935841388
303410250
216843259
133038198
694939889
455643411
232392770
841625926
176425196
545885205
292413810
179920027
573037627
122097338
524778226
415492607
629341023
69290223
238776394
999186741
289968041
426658696
94168395
32069135
548684796
832429762
639391299
175168223
888553376
542613410
357015876
251339615
781966704
351901726
720303008
211515680
369417956
590061774
874467177
902159887
361945861
184180092
351290270
473952857
599435293
799520003
495035323
595636226
262576368
67368079
298618299
476074673
969646068
800936100
153241240
470378574
959598322
533269486
902493073
788085969
729332928
774091744
591489639
338231495
776864753
572834008
864765808
26893992
188948148
562468732
255078811
968161974
74397288
148057358
376348654
549508650
748837157
376479737
579684734
903887673
750125555
367521130
529110550
382965083
450524928
944443715
277762111
73289346
279306348
550234887
278259570
549435975
279269731
934212961
719513603
781443939
301356873
576726278
956186850
470253515
829060830
392297499
349114899
902202264
98248450
870195796
670257712
310959199
757171644
493972706
520300207
614818807
886618561
774100148
439362939
294434727
440160012
86402764
112848129
812926935
840240107
765538204
446009442
860612384
607637346
770353098
827897090
316557246
825905927
593626076
979671404
765454300
348468375
465677979
735648661
497154255
739734107
822344348
355222777
293841617
167662979
484623693
726182653
826520861
96637087
596319978
868072351
307191873
331305881
476453758
894722733
42713506
670175574
370369572
995279638
920130754
793457149
156216984
979008495
756642565
501713312
853482261
852929258
95058293
778828666
169500986
312280270
432256395
755249444
819854177
518772955
420376375
121029639
954605468
420115066
242630866
497093231
639246412
97689326
136058433
431706322
875461761
283458774
911904656
325986795
436211170
553064938
153362051
260783604
830542786
467366503
175774845
882732546
614159281
412574387
981461390
194927165
313305353
214559217
849095250
99119489
490119751
993574011
703419251
435401983
914919297
324600541
964408840
87780022
261950901
731968544
473015729
208207578
295929776
123047443
613282259
541486505
401940905
746769464
112858572
150481136
716968597
27321589
269293505
213465189
983639277
304651657
474189063
586235789
756327582
709297191
236012842
799130221
354518498
427572152
4793433
146070525
483748428
553958390
433072358
15275234
999311405
169353649
602281081
619925929
280429983
334454607
329305715
147314122
72004466
620009589
448783361
215686025
734221608
282006321
521315661
84086210
958882649
785315932
290371556
590743651
131723179
910863595
309549819
816656556
127268108
564764020
133969318
298070343
713696781
166146547
579277275
370076587
874612171
654606187
119773073
519704410
380655200
204294758
581131324
479169881
40124834
892533607
735502413
227908504
340017781
278750554
294454774
296374172
802768076
980141147
103254911
712246778
714545972
490995311
639893949
65021692
589300582
206337984
597774853
981724028
791980616
625403067
792233965
800945336
417424469
481446050
784273697
953803801
43261038
359511640
535972528
708266980
378405566
576979818
39446746
3232061
843725554
383974309
366447939
495121440
432856219
401803924
39785228
570125315
457245378
928779809
730480735
262294481
100876071
48943303
146120991
106874091
848294903
690648476
424623964
515115056
61065130
597799363
767405683
382621632
701892712
871578185
437633861
856869135
621826992
396718810
151209777
634010705
340871359
911666482
73928507
764146151
259617667
284940169
459900108
998382680
588695640
481715576
536485738
186994911
384903944
5800526
661104835
351929742
61950517
240160687
176592507
212202956
140878353
581969121
533669223
924437769
852448610
479159173
853760136
793512277
95260581
810205613
305828997
523833400
123334223
75681785
918389390
424649525
293727335
927557909
182968603
427396323
363881133
341884756
2780831
329793551
471866117
621753269
325057766
526887790
883900124
899097681
177034169
74475433
819691050
414524331
298289926
700876590
135939528
256411971
896624016
997688905
717246870
509756446
706939844
29483049
577540001
303362482
598622342
162302260
677844247
148373010
29333922
168482431
951907801
389933938
768914534
768520509
312253823
896116074
907151890
173847430
338703767
378990832
108028150
486001583
131246281
423537539
276021735
856030439
751128796
62101101
904700694
277402239
987098812
355376345
619862967
744687509
358009348
753683067
617552592
652503860
668752808
891776353
406242286
218776541
528171793
423747353
233380402
617609586
360477377
390471666
402592194
548524015
686492886
413500352
213923402
816678055
926156409
904850539
470166268
55686911
580778381
125492343
392088787
786331947
815239988
215197335
997742635
22253100
919964866
385566192
660315885
79990343
179050467
536857778
8805753
352972788
269440294
405137078
806265691
419186087
150576546
801987270
67994493
68391208
588681476
309935804
373482470
392006963
542827589
762727033
907315914
42538913
201643103
262447752
594625328
706027851
175455901
835372441
124783076
362838344
171280409
96115867
24562962
999037155
413526710
906871306
461916695
576123181
229592570
531319255
368745054
723157821
687792710
415476984
278611925
19311702
137627373
259235432
163236125
282715137
585573870
565475385
229234446
234762303
841384868
439543597
160959607
108755686
33581449
331588852
912189886
659555289
836319997
482426945
15604630
391983017
16082904
889254033
326338221
49099990
279024414
853607306
731027094
724055035
673627648
788983866
435926027
866324092
459520065
491058140
943007087
246718947
317759548
736851652
805647181
169726614
64465119
262177039
783478412
653642070
523865883
976672455
46114559
217438264
890194327
255068888
312470540
459945230
309742149
758491389
40918129
455769570
518842736
561148923
630310397
574342944
142289550
939972063
793995700
29165917
382552496
942210882
463641339
905501624
746250906
588255969
875982376
212505648
319490694
121815465
20761039
824468667
401049222
408886814
711999923
576536583
341795443
233426031
112902158
136941672
97742488
341885302
664852144
930389563
912543353
145787975
232563498
746049300
642119109
600106761
170414158
114053347
161290874
914311408
77609133
478131804
466332081
527807306
187297054
848664983
228881096
464023833
158971542
964348774
585023235
921639925
201879494
99923983
200729183
437806666
638100417
260063665
896251171
475737571
84832974
272047954
989499622
984182182
608859328
682720887
403979548
150829864
835942758
469407860
638890085
510909278
624445090
624054983
432525892
890637992
725770474
884568581
10361163
955764925
628284590
865237294
676682488
932417149
487946679
184504276
551613522
723744356
549319646
140586378
623050190
64616759
725188753
89859376
939800876
594924185
911026426
432186334
559172612
175313709
326449719
482429283
132408270
776182096
992286193
311993444
422721352
375536818
784455529
298373747
174318849
559353699
455904003
64494773
287752015
480949914
91673177
199454349
274289572
340860975
211367076
893070629
908378735
242713742
751195263
170312271
106133880
636101697
723507585
866657871
605107481
786301977
673522420
63261339
849372942
472561901
530271372
417440100
742171029
689080016
590636148
920713213
869357201
933911502
22516711
203714935
611041644
468243051
797640347
56116532
226123432
122961260
559378832
241011576
512139376
895483028
674794036
159485912
226489294
103815342
359883743
482642416
873607625
80750391
738698754
552772290
263350416
332661002
94962842
826012505
354031360
756040480
293623463
651221453
418105966
253853065
223120151
34741546
829639187
80640373
296628954
592444912
438002519
237161305
381916951
158724737
897296964
729227306
664961368
549897634
467567887
551677469
898123475
460295276
663178310
643209938
975124026
706335181
704019798
628095870
767198789
596806166
623687254
671620439
756808695
837679727
638618458
950506579
659244206
17936282
271761053
331033616
426099062
996679946
817700408
865105832
593965888
651743563
876462303
650839346
501853430
436608097
857347526
738304991
82387531
432890061
207774067
293833465
219970350
130905266
426064223
479198908
611897711
212214814
144501645
446019731
705749182
788393334
850801793
24764857
177015554
777206936
709495961
610243068
257577045
883934033
797732180
22858195
67458657
918851819
217964673
857110440
507445404
429269768
195558382
749257372
855500962
890967864
89299850
453217797
568440120
25827925
569591712
761835543
596336382
234672072
456434187
411290628
859521036
818828165
516001515
637509510
408914970
337951990
59754201
33748342
716626228
150415759
229450765
916440142
387894958
489291180
129604354
788158280
622759236
240132037
937156459
992453205
77610458
142871145
747114219
59812963
947601209
843257206
246522789
922618639
569061092
136570076
254339509
76049765
922924696
563347607
149234332
303282266
812667636
106100965
756598330
768428381
382286912
634000242
654989727
727294759
246892749
50975610
394044512
692322930
814197580
907194564
398782543
791081823
214712750
162615691
658443916
225996385
18730319
798301456
388372612
424005017
951297823
700819661
486669260
805563261
107704605
954487709
713148285
802499544
103013236
78141994
950184039
260009682
133734135
167747829
404805013
523376025
865498952
67873627
114339009
509423136
45934812
980434759
215435659
212962824
960367195
226473854
314715393
557938862
381244513
732494669
919769041
392842935
704965122
57600764
855218357
858332455
702394770
165325295
257781618
828943089
415182485
306288352
643650339
860346255
7530500
931849487
177374232
431080647
730027717
733023997
164461908
293871275
575176596
532219860
626964545
924491168
966530409
957491634
22180152
437524028
955092813
306081634
613688583
610732808
203979948
12252444
663205059
102201909
285624355
619013362
20078912
622732488
577762089
423724709
97137180
456508997
460638282
283894111
832692368
829678754
244933152
624936472
492817456
996592240
413510124
286444595
395523917
607791766
722142032
955113112
15233042
576105071
92691601
403189093
201803412
981699329
288539815
744295808
372323770
296813776
547331918
363292882
737690306
484363807
792385720
585973522
514771562
478298801
980265623
685794634
993041713
879133323
773344932
855560335
567237106
818399292
763598047
287820619
481778025
970633129
768965552
750255277
22819250
411730662
177195370
534957698
601250818
49794506
810539136
847767093
264475459
794235260
5293469
370121780
924680394
580144493
724761417
386978169
898164833
56904822
447732730
605109104
713439238
956106122
435467334
380880588
353084148
690619812
101755032
161354125
682467258
542036754
709022678
181830394
435290917
83560476
575726678
368642425
115101639
342955544
590076011
266388341
904216806
351059622
549434395
393779825
12924461
379786449
249707882
638864185
915086485
672629694
4560486
736006874
997923075
26912645
586303585
416769461
835315504
287814283
406218437
922334373
577558109
50560825
719260957
93549787
486027402
426039404
284238419
141959749
929057628
72258158
974578041
862813352
519833801
182484973
350109646
221532319
69552286
198982412
359106664
953034351
63358436
132919601
932326743
91921266
228141316
490236821
809652439
594373931
567017131
147228283
936225015
145056477
368991357
638977546
819247508
451850585
195603302
791313406
840501636
107852970
820807185
812967972
10894760
187811934
412911897
86946582
695449661
457942484
662904263
989249066
705526312
848208456
214272038
486948625
715269533
425298471
895724243
112314185
598551466
540299322
45483357
361224000
622275054
443746493
923684943
305519659
34993956
904473223
409844605
189756315
901836502
801073314
975413330
170646233
404746681
918752377
602936670
58411325
207812929
625788311
493162967
149413970
753113348
109913942
976614610
542377086
813240560
843560291
379131507
855579109
883512344
131426125
699920948
34292463
929674578
215812409
257186755
929445802
315541387
703078620
967075889
324285410
420663922
329480717
841492485
128009908
620634783
840460693
31494829
987383040
365252545
408332517
67945500
804390162
541540920
695090911
922661248
661825310
429489364
802294505
204274501
797767219
611681019
622213449
309497452
940712965
317299607
92663536
938795163
228532992
270005368
527703447
47227224
403211392
866414370
241228702
707610748
857738554
385298396
429581057
268162356
741131964
752282611
598806775
727788416
213031197
871928862
228410459
657084601
603729952
34197108
237732214
44420201
100287626
452111404
62634485
148840185
646616330
628462886
826374890
619222440
950845680
138599969
88497168
802546414
96129569
621113208
222417732
866469316
272643982
189746742
43092917
739403654
37664621
94762567
28365688
612132711
652904063
561809224
986556205
904275517
671768552
325705582
348387290
991505672
519214353
166635199
168440992
47904524
550026110
184828919
190852156
231591460
607374487
937585417
619224482
775951410
727999577
207383429
578269883
5524128
281694258
956233012
509061421
813457427
984376207
339544396
96488703
253243482
749719441
255671284
650217478
668772418
355368093
420209340
499709161
679679646
570432291
247362880
413436800
928051775
39342611
756037644
895809356
666899320
265597873
178042175
629885572
237420122
913153459
337908573
583511738
793438478
502127190
927844960
567385854
620304823
537985470
333748302
909023304
851063145
871466718
533054885
615529690
220177104
217881533
275342528
246505172
150553898
506116852
419496817
899354776
201771296
907913686
28647237
319153373
715542892
548123216
738282373
211652547
322463559
978631865
65099766
792916574
435585471
107474080
578701878
34495016
465430558
159167104
824640549
874448429
167153811
796041944
741826886
954541480
981008079
433882956
921911810
65335796
433641912
830061668
776578691
751525680
706630836
633643033
514551377
419372813
490917308
537051009
550241770
366694213
604116626
552176677
316374090