428800437
879358997
771954613
334893458
400982175
460822804
487041875
859807101
519550985
162573353
21847479
485656118
326536875
459582811
426815352
209262178
714241359
878520070
932781392
508118287
379611492
573539371
400117673
722487822
934270267
110013041
273746838
47051849
913017741
933646672
372586798
472112969
379750823
543593792
574075734
826100393
350389294
737211638
695014131
382867746
229801368
637159077
513369805
146783070
453920418
467272275
642403093
351556461
896400565
102254447
875385910
59171123
547924119
360335239
396021254
726985014
311691767
460669215
28202078
558703388
500680098
366797067
409772759
120145400
46921487
218795421
976741592
864965549
347209171
481487519
366805575
425162243
347358935
515339009
320602164
210229740
472349063
290480698
652520188
383604202
521923692
293894089
629050636
42766824
997087906
304374388
513245610
144885360
33668903
397197466
13689276
644358616
191789877
284762290
269774898
674678060
303646956
655157279
935911266
962288211
971523894
601668265
568375271
703530289
713659660
832746118
310481506
511843359
977917160
989594578
348422695
645626992
531247820
701627417
40280057
683562204
615446759
592054067
583501397
556848413
158306972
447581457
422832495
631474190
855440240
345928835
710212239
987382056
973646309
857956275
208000050
535804520
195218580
569685584
589780016
732411088
104941731
221470721
116527208
986319444
285290618
543975971
632622099
438603553
633289917
982345024
954250621
607974465
672364309
767948765
606379802
580429491
933421042
730541599
543739963
711848788
987618634
248749529
486439711
879844957
799914576
305935924
135861640
835402923
174768968
263621337
716503822
47820398
467070063
887961827
171931064
67154614
321816251
496599434
220091713
515926464
713571393
826954405
470210957
236095834
220948766
405641963
183733654
441064306
158726089
34268192
930537714
999897538
352432116
956140460
749690016
644025889
869910250
873384499
443192804
222670109
432650672
248564833
764652416
919341672
321004196
271618811
407211298
342093773
60001146
898042416
902615898
455081881
858432178
277367242
730635630
732966074
273808040
792614091
477792727
54101943
105709463
115946703
799699487
742200402
728725792
292718285
855804357
755729596
41107129
363052565
160702698
890830562
438634508
640735058
518085768
858599672
951594420
452746474
875252583
936951832
527602930
166444891
73680417
371477796
360303305
365288200
119402489
472550181
89908750
890107362
182881514
142070430
677433017
101848617
355385921
224629903
368811775
915838656
646378204
479829730
373585281
472377096
976655761
393624454
521744701
67152257
877070361
615108879
995949998
359458615
113216904
825245430
900265952
743352205
344402558
434809750
903156277
82253488
767640453
665595496
612317269
816573053
304854092
907971042
440730705
399519073
830732268
707925855
483566177
902103136
200300171
721504964
564720886
930669029
732090807
7122111
770240624
173407379
749310302
270135799
40718829
102484382
946550293
997114360
72554607
58835435
746404186
622493194
738748058
53858830
73282229
574632408
921300884
903248383
909586615
347143790
209888057
700046517
805185757
654592762
547914387
251608737
804010347
197875233
476458452
410969991
791381392
554661033
895752158
243971204
683930823
205308901
642223959
861420337
830582368
295532832
680091637
811965621
709625119
40320007
190781153
828378154
187992866
690110665
410140362
45726507
213654225
628892472
946144867
492090075
255712106
409082927
42388130
148944771
819669908
862551430
377832293
846000357
621293025
588232031
863913800
742127960
772439386
369546159
697616154
848642525
707126556
950526875
850507858
395199913
747109794
240548316
609217087
671987772
714916632
741132742
415575114
211693386
139017751
264052696
114032534
291456863
431262120
726706367
16139267
458030465
989477670
545353148
254006702
63968084
131492919
510063241
88071358
980983035
895447347
357336801
244167163
702833972
48449342
617831933
954774379
653853073
220837845
682507157
809984803
791430091
705312926
780323529
891928618
902724278
241316473
19695348
465511977
668352858
38858715
985398153
140710887
810899687
107888081
203045180
251401024
277317583
1332494
649546211
929702027
909335990
616848133
733459646
564272337
776556444
25657282
700803395
954891950
748231996
95877079
357998769
506991823
781980825
215071030
332005461
574801036
13932234
736797946
177964947
174158013
699139520
995503315
638703408
319299488
545456234
773980317
255624375
362935288
268115768
822810541
74640579
613811684
652567126
118629961
967648391
914494696
205256042
826669355
791205947
315629650
994917880
884482452
64441222
699384358
33243260
369853340
944228069
949433944
144012526
591396778
500238017
865759467
86024810
710608381
372499060
533979320
320327570
434583072
889353712
398452249
675244930
779108476
670387102
40172932
984848697
39933654
887549956
268777789
641729139
734266023
478142896
547963661
390561317
923036833
867787136
94701067
956228374
589495646
479677183
615781449
289074945
878241103
998597359
380100513
886437828
900521900
902151345
252569572
703647479
933565888
578572422
732138817
815793785
600956235
421526035
334324841
783605187
701150692
527588536
205864585
658335137
179487059
80021471
501899590
121006176
337338343
678779956
61935993
612818196
416009501
686940436
434247124
594504172
500436207
627834318
264430040
882349094
949053668
894357646
996549008
434272422
247106588
946541176
884889138
650855902
955934685
679679693
869012486
232571200
653826570
514716249
104215094
37008485
899371728
149288034
603616337
719209879
279996086
810557969
543895484
933807679
236320267
918534375
597207726
786425012
187483646
857728884
985557406
931816463
395399946
234283401
991238172
68033672
727160917
86601122
615694838
316344396
815742603
146718614
586405352
176122465
98769725
324703334
362639186
510678873
150184434
163488481
338081402
248742771
136379137
456189234
885548214
970938210
435635958
283651291
439518927
312410972
555967723
980081760
852114353
712308396
227122400
31863301
782580179
186273329
55048342
554474994
182410168
600454293
191780572
763909674
177747009
149146620
320366551
209442071
907245416
995271728
745341753
235510809
554113944
767833184
630764897
888321929
788167165
409945223
773507856
969190914
98625330
132430814
168494073
210895160
68006953
181311230
49153888
825005747
650450373
897781274
784058976
282770283
240190987
584157661
467053182
334133169
311520541
399345833
980009774
699306229
713616074
904045141
204309042
127867048
443292273
412243511
176671181
155342779
163239388
676537772
721074692
160531798
789155825
141124553
200102547
833459539
229994594
827454963
11101486
73393711
174978982
258496869
816922201
28813507
835065379
654391367
527447794
19436269
354019148
101498412
874723467
338066467
585565
816836332
628048624
536046289
11625146
509370881
237985222
301378086
885015663
758728714
759223156
290182237
699545460
559962171
531262927
410850812
438632605
89783557
841709622
76242735
675218891
873392781
251151232
731695154
35509206
367394137
516495696
918076138
735561556
630621396
16453473
555170267
110656514
391041664
159811626
201659252
558336097
294469282
578920976
800324744
862344319
558214980
992725868
263733185
130445371
282180666
462716515
883684717
720842251
752830919
198237929
962765194
735871396
798486646
802071194
956659696
358961786
49199966
775724696
551830177
911284662
864752239
257547894
414683892
362211975
183647227
11862339
392175829
249785175
249016262
967729097
423865429
439754212
662448969
282218295
370865571
706577914
415538633
936720909
307556024
286411184
607738453
104273917
794047190
911461181
540656514
372293256
856119619
19863076
618207319
315968261
618029839
349589900
325852909
512792881
921162013
314615717
673221324
128296338
463689161
117093838
753150115
623590535
693743820
263245993
368333201
901373053
325881116
169612917
905517140
277964040
6690181
526663212
532660782
576175767
38841162
329549074
245372807
128557101
561184241
74147820
261046508
777825282
34412759
434474424
423658733
324849963
719219485
141938033
180298340
612977865
919205268
357420901
163399779
723073990
407975124
647824086
783548191
517037269
631340996
256012260
825432233
725965819
469293551
826163487
847828575
986220118
361248900
714834410
156698423
630143954
565061806
14804241
905205646
987794798
838040714
463180121
410309752
657260225
880993561
912494368
883299681
965096896
445388332
702122319
687734288
911630422
225774013
203317388
43389144
433161269
568048254
306837023
929043317
210129148
674820404
567721480
302951200
704079332
372591582
937930610
979471818
218232745
482453964
204138925
597297795
288827743
821330649
27255509
732035032
122764916
163525033
121246325
704753891
275231154
738054237
564858194
833850137
728042225
131738440
804062077
107631639
271017288
883517557
464036820
183724917
467729651
427001944
265444064
985667282
195565090
183684094
922238766
542651189
25315924
422822290
411682552
887720978
724569765
942109115
841630868
646799413
552686715
15742668
90624439
167724771
769590874
490810296
689686190
2708576
825101630
628864613
932312969
800442135
415656512
468589147
422245303
372435493
421495011
632046427
928092521
414330636
501976329
209505834
149268348
663652491
324582922
687496945
953444900
323971148
234128012
194036446
8700636
427832073
974996444
865790182
468032270
166181403
65147951
116914345
369772534
748239941
842854430
297545483
578212092
328044857
188164310
843932684
602207997
11566642
95229687
420559323
635251915
568451208
350852601
545854174
886232517
621377041
273469630
174085643
648917855
96267614
176177020
853787865
921402004
289789465
63781469
60612610
802321461
889242388
280432050
305333782
851832344
19632140
725808024
872627739
147348594
413142967
80586160
99533524
352642568
350371510
954064403
133758903
359665680
444233533
705546423
310771871
843506230
609516205
826392127
418388156
839242925
389603008
324137279
680088002
779829922
560341473
776138453
710896532
428875294
852198391
192858897
890200737
277948277
112254326
42882959
421018605
245721611
422431390
626926578
836098484
22354871
299241952
819088505
715847084
53171448
975235338
113727010
659826191
187978046
96083877
44020595
927228609
880038218
251536650
851643191
763127910
112598704
900104891
445216869
802236827
672797654
734518963
925970990
518137061
528790526
98026126
939435960
374459136
694771212
483703385
788272148
829553354
108682771
435028448
409541676
172251542
12967191
750923189
853325766
921853978
914791412
262554027
428132891
637776611
907748373
697072618
42696671
935214062
805729888
717117462
448257380
861296321
211174573
850860491
259784885
170168642
784757976
395040357
254321772
287299388
750347332
172267485
266748931
601214775
398601715
967588807
994818983
456154712
4384668
268328213
574392174
47318652
886178529
370553787
722994042
947716283
968663894
839825972
718004122
869444791
369090977
372115948
535010919
477418763
533511154
622305113
778158042
695053517
249404331
45738407
284315168
833286887
593460276
604063482
576582856
952189958
605592484
129573946
538975672
603251101
824277090
204844671
425074165
550500944
948554681
85082786
773935751
395667489
97820202
670739129
468872781
48651616
997561793
309060332
891669401
484217078
263482528
694076004
812922656
862506880
354110071
847925395
121449291
197533486
556628212
552432211
460287058
392342378
252001510
614054238
456051835
442588801
798295755
646422672
733433475
814161937
323553458
563430804
433620287
922343319
22228337
11103274
621148968
202801982
3633532
37432430
7887439
99883216
192331326
790746051
448752008
233593013
684780590
956343208
695477571
142490420
388535655
624867567
998972665
211739765
262019191
148027904
532705067
370496190
369991194
324041736
407024511
562582012
806944788
982185630
436853159
898720301
57864705
567120071
301582306
986669042
630964835
25040279
170227770
955341369
614266611
893563586
676505711
448451561
747149110
588146162
70131656
471714164
339649303
699498655
397014633
403940934
784391100
281757364
345543047
269156070
734824926
291604356
231415229
225114547
465764993
748289552
86360943
216973654
704685872
718202773
692682072
328630140
779638797
107694763
95026039
235430894
121192174
403285864
875796083
605805394
347587870
688177045
436998076
644407491
82527366
224748170
469486581
452665184
118249007
615069018
454430126
134258081
553914060
314270148
323004971
82059703
249536761
240335340
466726106
703822490
396222583
228431826
779160151
721779455
501156887
568943548
563032099
248418449
426586763
677716721
947709306
113498083
736283705
852986492
435798303
660859706
672017802
204156344
432653409
872046249
445278721
238376097
287772125
158067780
666661775
976480202
379888034
890519651
784174042
231583309
262929279
521905528
96472113
143350831
691387675
734011252
219181593
217980571
999771475
186956065
119378127
882451906
405995750
363111616
918694353
475824251
851341865
513900483
655619717
505909890
564448713
313639730
898905842
913658089
124160477
682118541
530864957
198627143
288477029
909046985
778778842
218720378
546831213
240117388
434541111
44309303
961608915
761201250
226522994
123932205
839553785
313243050
884093962
173644284
701749068
899646097
310660416
497828913
735720535
571909678
790112371
223451157
471735956
835651663
130901254
17242839
945921846
658177319
564862171
502503040
178688420
724538666
997880071
609521820
949389956
689109728
543360312
317948279
861848541
201691174
427373163
645374717
680388960
349727399
961507044
653912267
508676335
907762315
774577559
145591255
603746652
274734410
759297724
663305831
197058211
971956418
956059712
344072096
209970310
211122831
460395605
867003218
573270422
554806641
835040474
673949067
540345441
301762914
786641958
765226146
184809410
369428631
287140689
293828193
547131513
812079939
693565943
814568185
304602164
186625883
458054409
894484019
998222906
382753419
22200707
992917551
833925248
519175256
371365895
907345168
267540808
418916815
114403088
527478446
417800986
939915586
40146172
681191158
725873727
711476786
852932365
672019869
368778020
28083791
970510233
873390621
892747303
786078848
841494094
321486185
504219754
145650261
795416881
190509291
271581146
468161441
60239498
74451658
426910734
271628048
722896866
801285102
122043340
338402756
59332380
642271038
531531649
380716139
511153697
357335617
700677983
523345688
153644174
467190927
398865668
401761253
275131312
393942211
311401698
359186713
472017316
444789856
162037001
777930817
245351025
546549225
107344168
564508293
923337555
332800444
52033152
936848949
19333609
133616288
56536081
988879357
931824418
899790075
139456795
256371392
861565254
22330955
342753662
821047267
453709624
164761971
169716940
483797645
489053169
489046879
22216573
277567509
517330173
300223707
764132291
782551532
857688598
837792157
811168830
482265177
941349693
670047974
702956922
443802277
246357477
950384973
754058813
321062396
788833145
396122676
424900194
900063937
29454402
357099512
354382522
568404683
836707451
278568914
613030297
506412188
507472473
743814277
107896238
943918159
610693287
307298923
608050714
562093872
751897084
37637924
682477369
641342273
752497475
146408041
930472850
377672835
677259373
558937639
114856877
568189194
986899079
295560334
81375061
578172815
613510208
702914580
874125060
760253772
180224620
395867691
249056803
771771934
700644757
240486966
218221763
144073117
750987954
365120861
750227808
754075760
418700723
403975109
910228786
310586540
121254835
466610631
897385377
374805701
712057363
292936385
82502316
734024447
426747924
924405942
489254766
498325559
243453580
414572096
997517738
937282857
603996906
961695546
84857726
634454762
658032314
717014238
976027328
582232325
518049675
90332756
958331634
617498190
694237556
215624617
623903437
929467160
260980829
12152208
976915432
381936737
971967946
708662482
571629857
614472880
254679640
72373925
246337646
469701871
676948243
398796372
542146182
844564515
296791079
903781030
201778285
942792443
790492493
484249961
266691671
451819532
353217876
29068202
576298496
359636885
818426974
546621675
151252772
839616696
89824723
836501493
34471597
142536708
295541012
12872371
671677234
686941497
227157398
63475317
801389556
743209139
696256361
939656024
740224291
3058673
200311020
953085971
74730748
601840668
759172864
475180090
672622606
967809521
537487191
379731106
955791153
409918258
968929924
839739677
916754847
578272912
471614106
444509015
144267470
106701982
607261705
65115872
444936114
817030623
225250696
966138604
737947611
798906372
255459684
59366858
94822917
80094436
896317489
47857861
594580244
713925001
44989138
51250723
968178489
410409562
13429228
633503293
98222914
973519911
831699130
119980807
547260119
3624988
286181277
894940123
346260689
746670436
5896060
106961550
538963815
741301964
516735437
59546251
22520375
782785018
425448370
661107639
523604291
436446570
677389259
492760601
983007585
572170672
970580053
547100390
757468025
536497478
820262433
543837784
956142532
147993167
486111399
917436195
770085956
831511468
270662305
898876980
264582730
206989121
219264355
591431629
799985237
984876644
258275859
465536370
204758725
592448629
919198921
395329494
160366429
25233095
349976168
319723543
786697756
611902308
20108437
149108637
766351193
423680654
122241028
913712247
332555561
78692369
766436117
111443695
678667207
967247597
992711870
594388322
820331519
566130729
128252255
99511770
456759971
870059038
798381503
570850536
962712045
418523524
233297512
970262382
827808714
195946629
925045958
732765736
540103328
988569668
918818682
420943429
167710907
668549848
132319674
970784731
854651772
20938632
618464855
273729137
536742586
876778665
168748998
889340627
162404487
521532109
707048360
214230643
621133829
617144276
376048981
417782679
7366945
73083993
129494529
752984738
633313477
857380480
938171045
264112493
798962799
497995030
611194030
199706198
60155053
676661932
537456138
258740640
677477336
179063827
237148526
376776393
834201714
590883085
850903555
859412510
409489074
147995610
335649071
317293297
306801643
397234378
357449447
261170371
664167585
285343280
642158057
764073226
814562906
512708061
774559714
489775789
135401114
71618323
12348324
838549609
832211942
173859914
366268705
518605454
727416647
877442560
117669072
506210623
266382148
916191239
716053676
606217000
92486416
976635303
912656379
987327470
673865785
296718398
238924127
330580636
17368347
972434960
892451491
979559600
92891178
359476389
114727137
48802859
181946523
437585865
271606670
772472711
124250201
458553136
295668428
147162624
850864476
442639433
59798443
842594509
414698285
882831319
468839417
205964047
548781068
446469595
364863427
694711020
732850012
638833005
793333437
991517567
700023883
231691495
668807519
982073334
184121578
905881608
39292673
180985000
353100107
974616944
351775298
266910916
420626755
100018365
451197310
133579724
355403035
696048967
332102287
519726743
238548517
910537834
949433644
205500515
102348799
866155166
335343727
431086403
989015656
689565807
496267747
695852740
482716939
278561733
264552637
625636259
849461738
948163772
14593088
439278187
447011486
40869689
812953642
744032315
164970827
292100117
49643185
427323822
735792087
72353020
379007325
227276309
135833947
204340443
933561529
435077237
808754346
568258108
615652557
757518110
169782935
473699268
33588707
319505950
464649755
387508106
724087848
727322748
772861169
319476958
626727511
814607141
815268083
593588036
770761022
253591626
576844496
77061364
533807414
875209711
298809556
79109315
969604744
737317212
935578912
632182791
681518378
663887490
936058985
54013210
296897108
909928751
346618113
160351731
787980629
898740523
931418339
109874047
932041319
79215430
930315618
217977184
735076720
462436428
212455564
187181876
788395984
834539321
542893415
206631780
282636159
234969428
343973917
783334585
912349347
993288081
228242991
142935659
501658517
612624978
1633173
918551145
611744001
929378621
418397402
545323560
906147975
128400526
231976403
788565189
628671116
687736890
481709174
82172233
711263209
708399559
765245992
714191406
499758917
493484279
885259189
303943622
511221163
140020387
865144268
394347461
902976113
938915481
157063741
354082910
665974617
373433347
17296438
407287431
455698359
255158116
77465028
142340029
204334102
564092115
900113684
817565257
514271704
442408854
419423142
831564838
699077150
815609372
586897804
375379521
898953018
478682986
783694370
458551648
191476924
503289163
507677465
288399088
827691085
418726850
556581709
49138896
603097014
93269307
586307146
677253817
834301724
651527305
710557836
142043734
851332593
57913571
605653004
661285024
369638863
446904174
587019520
216167153
999657897
678948358
803909254
833794470
307301564
629956970
724348855
106489366
260880062
430534124
196405787
531146352
188426032
189468302
717661201
352862925
182871379
398375190
371061983
741259031
173708886
786693333
120811230
263369592
181508847
575636834
514169897
872061772
185763225
627201289
228593434
843450783
205825283
297707185
543706050
145793676
697561080
310198770
929922180
885426626
400089239
578449499
816400976
190878539
676813148
467307932
968960219
838288760
68358331
844218761
894062801
862954177
91211137
886566534
291575788
497453188
830122207
512602576
278177963
647311946
943643017
854441650
399871158
219970802
198122084
313570456
498421119
812871812
890584221
574261685
759533831
93765443
946349873
498739260
991637112
444418146
983418911
54844213
620723599
815442853
759912758
745844311
76853504
300066139
865412337
984856018
828045576
319899116
425360739
831642309
486245962
241261808
850055881
397494655
539480654
648626968
112023894
499989507
248470776
311308461
272889430
492681821
975856992
66335071
431398415
639166339
495606358
139747997
431649762
277585101
877674089
311786538
379568475
735830591
174703707
460320374
729605364
583717945
100454909
641086928
756128856
575921862
734946885
33381036
596271923
714695728
46186135
645634151
833763260
684207905
56699229
384694724
164889776
295900567
538227895
349552444
721893396
567248117
982915815
415011628
343670703
932724492
994386973
360376639
281118077
220591027
262952054
281981969
877795168
327725295
658241370
516592873
712186794
849361503
12321014
469495357
501464871
839106361
517453081
908647942
786057866
825251754
811676729
720666195
198330758
992924257
604333133
965292170
680620179
147211440
302876634
288515070
982595444
255178639
461486037
228184402
849779429
265919970
14300871
307839148
70916839
140207210
426851488
965272998
377451303
344613011
423143715
282331139
447761621
945993338
655082602
395695875
553740170
236387631
568358491
43550488
855629319
202448571
913798919
222034273
687069329
869384736
760174959
978403494
425799709
235196867
636616464
895294656
48290557
695880607
959395259
966389499
911802526
114443625
216854015
589352252
436171099
860859258
229080829
354551982
391316446
888576303
220521031
597068108
121429307
443437216
516276832
20619645
264652222
195388070
260694597
373087397
740316380
221562377
159933916
579971855
531925455
11872150
7226168
767032456
750444527
653980615
707792737
839188833
625028385
398435557
394301506
818047411
378108685
233751690
854992767
129021475
398594017
889907531
884265930
696604173
468653690
579965190
115016169
124846399
866405758
227456005
98949897
381052663
347271026
844988242
204453964
690677991
949775748
867326180
933806088
150158075
983812768
731915173
896299162
566806644
495843402
917363482
655457533
319833087
772577397
372286471
510520693
988139477
68984028
233261277
193555734
143555599
866406012
344433411
105743033
898368618
35305155
643748430
205202213
299346324
601363371
933021953
941358802
565189653
263695089
17647624
567762524
907934223
87712972
75948012
377081712
461182611
384785068
748782139
647095980
894043553
726910939
827913874
805493989
699829082
496729565
137578682
487656020
239604815
540668409
644387753
537622747
73106070
408016098
426983931
489882961
976415224
962959812
449430595
543781981
811459783
554287322
497324723
369504440
790093302
720612118
973830399
871197356
104415138
202479857
720509531
565505592
293086022
126116554
756677090
186118142
271446816
115886881
613076128
831779428
1353522
421491439
156628564
173692765
146937014
136555639
521817096
234313786
807277781
797377292
384018255
555222483
776209098
811117130
528422747
795424205
17595746
906700400
145860389
410847904
726030399
332905514
352721975
77684230
508485933
266014295
635776624
914516116
283909304
353442691
511434456
850838402
844468926
791890703
309043481
447679023
381242518
364896439
930124995
842148897
160246695
561785364
448102424
796187663
965863424
23713861
172759237
714541004
990540633
141375838
119464029
190064850
386139017
410038624
718263747
740561708
810659194
726154871
537100208
19821768
390557238
739693672
29264472
557020462
240652100
740892215
862870518
66547077
259211807
885521545
547030475
515102218
817496835
835671517
800202056
346434264
341095284
343173371
236842296
178401885
297094621
875679548
328413101
840752531
47663584
6299762
284961374
588201159
250327095
83738096
222956970
934529389
799733055
470382125
610256200
751053551
281395302
175913254
593560705
762662774
523732780
41450450
893933504
22201972
190528403
744117725
813261158
81850110
886313847
984472966
73060156
249694517
705937545
633713683
648903027
456028312
251718864
688263564
456965948
203231409
701835701
147908806
588909272
187930616
194302077
3835882
868840929
671506513
559621324
285811553
165644059
65123318
783021764
446821292
59968020
566299890
597810810
922444695
353238517
769582544
671994390
190362261
337134201
563807584
602293568
84087849
172001400
602493991
722622276
455727589
601017816
523755707
606260345
503747033
196908075
122699072
880905435
223836161
883801013
183462902
46349706
962419137
999251364
387596142
810915630
65788103
363314742
28756313
411279338
609613048
873817100
347610017
874656779
7596120
780518462
210241719
958849686
598267468
682862378
603864015
534308129
530101041
106492743
497173732
336036517
240104428
164038188
79115352
473877289
823445681
651889640
783082327
10097416
285451542
983727867
313836298
624976883
81386018
954574138
78837098
452799668
358968975
117466298
26750578
37956542
613704618
14947520
395569843
281461865
283025058
206169132
547374018
7796844
921205045
334111769
779044430
588187310
348027064
205522574
392562278
321343341
910282077
556136752
196116448
853383741
174386159
502025154
245955908
741877504
799580170
41398621
422693124
384788189
652371281
490327045
460486541
272691442
286771174
587230939
220925186
21103826
309568774
137618581
78145920
243759204
24223673
698031175
584836829
6350221
780774902
259771160
11128086
825017764
145281534
213557889
586791409
17668448
869714660
715487811
852656589
350593914
146269782
315771624
316022795
174121032
922846526
317017088
349943652
488920480
101214002
559820889
55547348
766054997
398762504
193726111
660422094
837976634
77044297
844001629
300747908
998957543
949531419
306051510
245862450
364479942
173225721
835690594
826751606
586633676
770787609
150164524
432712593
926494435
351940553
149255631
985261928
85421255
52165267
941007078
563754126
560150362
101307398
45734510
18671405
611556248
203165620
329871788
728841698
710564122
935616415
142837849
51398458
73704927
677743372
212000557
167129611
110900694
558695203
269317619
604158971
47939693
972388481
91772307
383274566
45979987
102298593
970330682
281502921
623292743
401619356
787346384
644097543
310733129
100985113
9494302
543528766
564391443
387056585
210425457
416322228
724907180
445604121
837877175
30250044
84522488
407575786
871535575
265041945
164822931
507642670
137394826
712597415
525944934
351511484
808256857
645342445
453491243
414921886
874982187
468591446
81844654
97547992
614898560
400273896
530011221
830709692
225263777
678376880
826810246
251410932
292280312
187866014
255324489
638081742
427545655
458272497
463966660
534858583
938121367
41088721
706076510
746597497
948204373
445955887
798092497
846462399
953223677
118506125
588693379
249286168
669956920
454258228
452069291
278969463
619445329
218254625
590830872
762599237
31828035
91474283
274809284
899145748
275423099
991220194
869225894
684330690
925372335
584417520
36421382
829918670
644599122
40639601
27292918
191633315
189986024
393284748
974851526
976851656
732933996
879184063
448804419
810226982
784360969
980551024
44600174
328365919
92067781
341722860
605086740
644014897
405787426
141164962
804670026
721810305
421640955
387536227
437047698
634419346
688259185
575307899
869072705
497206387
161614088
292311147
581597075
625474667
733247056
14542448
288547958
518747378
900229936
444794063
128373417
735012597
547974056
434670972
281255124
496836314
23489492
893947486
208875451
785922574
90255819
545187185
100521956
131744055
105197798
232480968
412575591
985644921
953832665
413665334
464268137
648795994
242225811
775973138
989645462
728410626
538712062
89672824
980740411
446666477
552529176
600601612
342277989
537615944
948449453
5458095
866855887
268073490
264708503
463515680
444992797
991417324
890543311
605532795
49403705
831348352
907667249
443929649
320009029
41614539
174641965
907509089
56836137
311245218
546133480
37025593
274074571
969989418
178126848
267012989
624327742
318675737
598904332
871766235
429622680
885323764
19186532
916740879
887099309
800705
691372964
60411763
440885
168211037
907453984
138199846
728912105
83227120
213733338
648670052
562776576
331349423
685156945
94374100
11877509
299115115
915354235
620064759
494133649
65633140
277169282
906433103
97620651
917853633
456085619
785986215
659380499
36884052
782625372
882957480
731059219
954795781
297585161
553438157
577851245
154856647
645706115
736562740
163104950
150140576
750433894
187567911
86970659
424732778
195013676
770298258
737293296
641745847
452427652
206907509
427480032
71251454
526547713
366890110
187369550
265563764
753150132
626851659
383676143
802717246
633603503
677577577
730913928
334861067
226977747
407337473
767829279
739238254
827026676
861563225
952277817
467203669
97896430
424023129
987662591
695116809
138324624
681659415
188908740
958328393
325539173
233575453
669614673
358662018
571721125
862776276
623067744
850219228
301544606
479663627
885741763
150635757
242273716
420961462
590675739
369546305
208646610
174750520
818390810
323707416
186834154
300810397
815528421
21933911
463961385
119496388
350004922
963228725
507073919
653169598
81935020
851810118
197724644
170440209
791437038
644718083
651591057
632237900
141937202
620031690
404146365
621678645
500684629
299636086
988305856
295408315
751815917
984901266
737235442
111098381
834140641
366965139
165321884
133968282
27174904
923862617
429050012
951098953
827311002
419710214
90036069
35105330
20269895
488385669
347602519
885293005
221485453
830615551
86962628
333993317
479002936
118010937
801533211
300837808
779951414
531010574
662119915
614203020
128969520
177753110
26375185
739901997
968842312
365835955
945755445
853139612
254462420
330378774
193346840
902669688
292802702
647381739
163064268
257347910
531979306
51921154
367556804
918933221
254917374
351854233
147433051
146830146
965084174
117253215
377012334
528996768
513903580
272541984
607831885
22904078
23189055
993854188
708569011
974675280
261417274
463221586
700370437
97774236
314923631
590477857
962013668
232164929
338874437
673204986
270567044
534080124
735888707
937732816
716399773
341745809
892112999
352441065
480635561
355951292
249322162
979361644
958011271
413813353
415981494
992642902
198213512
802628870
634264882
774905826
344456862
663960952
427175014
995007245
44990049
368589072
297582147
51145501
371223988
780813328
877179693
970557277
373513291
682296195
932692998
408205226
84379509
623729998
896109322
253499599
225707893
260254466
70020506
180399267
831679431
869904875
190329825
912929102
431056873
224309692
323349148
384122522
223754542
826431087
323347665
697850756
522515814
323927557
476762142
455183382
537124967
201927533
210196652
369012440
170816874
419484397
574840096
980384610
467000913
195695159
589246499
476116465
421998056
555953306
543471887
554426059
859321497
595360323
26571718
142812648
412785019
950910286
832334120
247691293
910885696
774685494
824689843
449924182
182284585
965612267
313680533
981333221
234395206
796783076
442741427
35356526
324665626
379641729
210842183
148793124
448472895
531858052
580548400
902590411
173322349
965308300
971938923
479904403
923301809
305364366
6747415
146812663
694923463
928032008
690479417
77602453
863074020
359419331
255085491
190334153
63027773
340726316
622430697
533028400
917392746
942939098
573232555
984727621
239868680
419054030
985527144
714225128
885056664
189584131
56442326
522672352
59349690
295915752
662065984
963414599
398191430
830542605
50962908
36545682
170813140
836265109
621180670
700398342
843260678
843899000
582455731
106554903
111099647
574307036
551948740
979190453
744679458
587763653
622251112
496280571
328939630
833209922
557561417
753312417
48772738
265790880
750893614
940834678
611392835
677650529
168670569
516075217
528481321
817578721
300316156
149584367
265846599
244310264
287995110
992510814
801694803
658893968
242653519
254659715
553358920
939295979
157695386
122604538
189916515
439705917
331838243
84206301
805330851
63883737
345511720
254171211
928613888
243414092
593649249
424139229
167301943
396026436
606293218
493892713
424574470
690099163
737364909
529353767
282465601
671358116
166385429
434457305
9539440
206945710
228396381
165497700
173193857
232852753
747593729
571652238
205775185
555586726
938341134
155869330
176581421
372799492
135083189
655754338
913617333
733955533
462290851
848490615
367969904
391597557
695436995
207026268
266619409
403410851
520529246
175490428
805640774
760492743
862740047
231300956
570147759
330146531
248412377
407819386
116636750
864908219
670167197
544671981
999517679
124442930
529980920
161285074
886117995
66690920
371991445
106915559
55312669
888495507
684351493
494031176
709298822
569306180
515460106
899585091
905961304
646894248
57482430
470872601
496807290
404275816
862803332
894689055
470707526
643468870
422541467
635341330
753491286
349231545
358007326
434354135
865624618
365046889
464267342
956452236
972174369
270699009
621119285
177253099
723381301
726970827
444510818
680127015
48961437
56204638
525094378
723612588
935290674
868474405
315906830
949036477
988776699
930589821
637199452
589213071
403552811
770754804
285172690
774147717
192628161
381980609
223497549
695295804
417330395
581655717
235769533
24633681
48525737
931597740
569433013
121823306
266400222
168902603
547409578
922549108
601164537
341944617
692802417
497440878
493906122
58907316
706461352
97951459
88045450
264361794
178771928
427865402
764477440
972086572
760613442
67333320
169284131
91294826
756945679
662882131
132433363
807232123
642082246
344536607
775447057
652919794
849310458
154351263
886864866
948182250
598746813
606149385
691863292
238413793
932010674
977039628
901987594
957401377
646394589
984677597
654479706
88367503
902949954
893479154
281365690
235980295
110063477
426846004
849267137
47867264
593832881
257442357
25672744
629035455
450698565
888360952
56386996
63154841
961577076
204479180
79612151
940040284
668348563
592793411
975500064
57094032
705199457
30435981
47609090
423749893
314887868
727984235
774802709
212288831
526793882
880501629
771218076
127244739
879928183
217547221
6620574
83300247
298067540
299407018
164889387
157276646
59237040
356248818
298205221
850899928
149773897
449316599
288350226
901963199
322121139
752763515
31140739
249011737
509559542
850282253
985318912
56061289
644938386
105361626
24953142
351676314
838088381
560509659
18341590
718276575
911031046
168611425
811919903
823474739
193048414
232466715
214727808
910844494
589970280
117852471
635063741
968701276
764660547
433280463
692125630
561766571
422588532
935841388
303410250
216843259
133038198
694939889
455643411
232392770
841625926
176425196
545885205
292413810
179920027
573037627
122097338
524778226
415492607
629341023
69290223
238776394
999186741
289968041
426658696
94168395
32069135
548684796
832429762
639391299
175168223
888553376
542613410
357015876
251339615
781966704
351901726
720303008
211515680
369417956
590061774
874467177
902159887
361945861
184180092
351290270
473952857
599435293
799520003
495035323
595636226
262576368
67368079
298618299
476074673
969646068
800936100
153241240
470378574
959598322
533269486
902493073
788085969
729332928
774091744
591489639
338231495
776864753
572834008
864765808
26893992
188948148
562468732
255078811
968161974
74397288
148057358
376348654
549508650
748837157
376479737
579684734
903887673
750125555
367521130
529110550
382965083
450524928
944443715
277762111
73289346
279306348
550234887
278259570
549435975
279269731
934212961
719513603
781443939
301356873
576726278
956186850
470253515
829060830
392297499
349114899
902202264
98248450
870195796
670257712
310959199
757171644
493972706
520300207
614818807
886618561
774100148
439362939
294434727
440160012
86402764
112848129
812926935
840240107
765538204
446009442
860612384
607637346
770353098
827897090
316557246
825905927
593626076
979671404
765454300
348468375
465677979
735648661
497154255
739734107
822344348
355222777
293841617
167662979
484623693
726182653
826520861
96637087
596319978
868072351
307191873
331305881
476453758
894722733
42713506
670175574
370369572
995279638
920130754
793457149
156216984
979008495
756642565
501713312
853482261
852929258
95058293
778828666
169500986
312280270
432256395
755249444
819854177
518772955
420376375
121029639
954605468
420115066
242630866
497093231
639246412
97689326
136058433
431706322
875461761
283458774
911904656
325986795
436211170
553064938
153362051
260783604
830542786
467366503
175774845
882732546
614159281
412574387
981461390
194927165
313305353
214559217
849095250
99119489
490119751
993574011
703419251
435401983
914919297
324600541
964408840
87780022
261950901
731968544
473015729
208207578
295929776
123047443
613282259
541486505
401940905
746769464
112858572
150481136
716968597
27321589
269293505
213465189
983639277
304651657
474189063
586235789
756327582
709297191
236012842
799130221
354518498
427572152
4793433
146070525
483748428
553958390
433072358
15275234
999311405
169353649
602281081
619925929
280429983
334454607
329305715
147314122
72004466
620009589
448783361
215686025
734221608
282006321
521315661
84086210
958882649
785315932
290371556
590743651
131723179
910863595
309549819
816656556
127268108
564764020
133969318
298070343
713696781
166146547
579277275
370076587
874612171
654606187
119773073
519704410
380655200
204294758
581131324
479169881
40124834
892533607
735502413
227908504
340017781
278750554
294454774
296374172
802768076
980141147
103254911
712246778
714545972
490995311
639893949
65021692
589300582
206337984
597774853
981724028
791980616
625403067
792233965
800945336
417424469
481446050
784273697
953803801
43261038
359511640
535972528
708266980
378405566
576979818
39446746
3232061
843725554
383974309
366447939
495121440
432856219
401803924
39785228
570125315
457245378
928779809
730480735
262294481
100876071
48943303
146120991
106874091
848294903
690648476
424623964
515115056
61065130
597799363
767405683
382621632
701892712
871578185
437633861
856869135
621826992
396718810
151209777
634010705
340871359
911666482
73928507
764146151
259617667
284940169
459900108
998382680
588695640
481715576
536485738
186994911
384903944
5800526
661104835
351929742
61950517
240160687
176592507
212202956
140878353
581969121
533669223
924437769
852448610
479159173
853760136
793512277
95260581
810205613
305828997
523833400
123334223
75681785
918389390
424649525
293727335
927557909
182968603
427396323
363881133
341884756
2780831
329793551
471866117
621753269
325057766
526887790
883900124
899097681
177034169
74475433
819691050
414524331
298289926
700876590
135939528
256411971
896624016
997688905
717246870
509756446
706939844
29483049
577540001
303362482
598622342
162302260
677844247
148373010
29333922
168482431
951907801
389933938
768914534
768520509
312253823
896116074
907151890
173847430
338703767
378990832
108028150
486001583
131246281
423537539
276021735
856030439
751128796
62101101
904700694
277402239
987098812
355376345
619862967
744687509
358009348
753683067
617552592
652503860
668752808
891776353
406242286
218776541
528171793
423747353
233380402
617609586
360477377
390471666
402592194
548524015
686492886
413500352
213923402
816678055
926156409
904850539
470166268
55686911
580778381
125492343
392088787
786331947
815239988
215197335
997742635
22253100
919964866
385566192
660315885
79990343
179050467
536857778
8805753
352972788
269440294
405137078
806265691
419186087
150576546
801987270
67994493
68391208
588681476
309935804
373482470
392006963
542827589
762727033
907315914
42538913
201643103
262447752
594625328
706027851
175455901
835372441
124783076
362838344
171280409
96115867
24562962
999037155
413526710
906871306
461916695
576123181
229592570
531319255
368745054
723157821
687792710
415476984
278611925
19311702
137627373
259235432
163236125
282715137
585573870
565475385
229234446
234762303
841384868
439543597
160959607
108755686
33581449
331588852
912189886
659555289
836319997
482426945
15604630
391983017
16082904
889254033
326338221
49099990
279024414
853607306
731027094
724055035
673627648
788983866
435926027
866324092
459520065
491058140
943007087
246718947
317759548
736851652
805647181
169726614
64465119
262177039
783478412
653642070
523865883
976672455
46114559
217438264
890194327
255068888
312470540
459945230
309742149
758491389
40918129
455769570
518842736
561148923
630310397
574342944
142289550
939972063
793995700
29165917
382552496
942210882
463641339
905501624
746250906
588255969
875982376
212505648
319490694
121815465
20761039
824468667
401049222
408886814
711999923
576536583
341795443
233426031
112902158
136941672
97742488
341885302
664852144
930389563
912543353
145787975
232563498
746049300
642119109
600106761
170414158
114053347
161290874
914311408
77609133
478131804
466332081
527807306
187297054
848664983
228881096
464023833
158971542
964348774
585023235
921639925
201879494
99923983
200729183
437806666
638100417
260063665
896251171
475737571
84832974
272047954
989499622
984182182
608859328
682720887
403979548
150829864
835942758
469407860
638890085
510909278
624445090
624054983
432525892
890637992
725770474
884568581
10361163
955764925
628284590
865237294
676682488
932417149
487946679
184504276
551613522
723744356
549319646
140586378
623050190
64616759
725188753
89859376
939800876
594924185
911026426
432186334
559172612
175313709
326449719
482429283
132408270
776182096
992286193
311993444
422721352
375536818
784455529
298373747
174318849
559353699
455904003
64494773
287752015
480949914
91673177
199454349
274289572
340860975
211367076
893070629
908378735
242713742
751195263
170312271
106133880
636101697
723507585
866657871
605107481
786301977
673522420
63261339
849372942
472561901
530271372
417440100
742171029
689080016
590636148
920713213
869357201
933911502
22516711
203714935
611041644
468243051
797640347
56116532
226123432
122961260
559378832
241011576
512139376
895483028
674794036
159485912
226489294
103815342
359883743
482642416
873607625
80750391
738698754
552772290
263350416
332661002
94962842
826012505
354031360
756040480
293623463
651221453
418105966
253853065
223120151
34741546
829639187
80640373
296628954
592444912
438002519
237161305
381916951
158724737
897296964
729227306
664961368
549897634
467567887
551677469
898123475
460295276
663178310
643209938
975124026
706335181
704019798
628095870
767198789
596806166
623687254
671620439
756808695
837679727
638618458
950506579
659244206
17936282
271761053
331033616
426099062
996679946
817700408
865105832
593965888
651743563
876462303
650839346
501853430
436608097
857347526
738304991
82387531
432890061
207774067
293833465
219970350
130905266
426064223
479198908
611897711
212214814
144501645
446019731
705749182
788393334
850801793
24764857
177015554
777206936
709495961
610243068
257577045
883934033
797732180
22858195
67458657
918851819
217964673
857110440
507445404
429269768
195558382
749257372
855500962
890967864
89299850
453217797
568440120
25827925
569591712
761835543
596336382
234672072
456434187
411290628
859521036
818828165
516001515
637509510
408914970
337951990
59754201
33748342
716626228
150415759
229450765
916440142
387894958
489291180
129604354
788158280
622759236
240132037
937156459
992453205
77610458
142871145
747114219
59812963
947601209
843257206
246522789
922618639
569061092
136570076
254339509
76049765
922924696
563347607
149234332
303282266
812667636
106100965
756598330
768428381
382286912
634000242
654989727
727294759
246892749
50975610
394044512
692322930
814197580
907194564
398782543
791081823
214712750
162615691
658443916
225996385
18730319
798301456
388372612
424005017
951297823
700819661
486669260
805563261
107704605
954487709
713148285
802499544
103013236
78141994
950184039
260009682
133734135
167747829
404805013
523376025
865498952
67873627
114339009
509423136
45934812
980434759
215435659
212962824
960367195
226473854
314715393
557938862
381244513
732494669
919769041
392842935
704965122
57600764
855218357
858332455
702394770
165325295
257781618
828943089
415182485
306288352
643650339
860346255
7530500
931849487
177374232
431080647
730027717
733023997
164461908
293871275
575176596
532219860
626964545
924491168
966530409
957491634
22180152
437524028
955092813
306081634
613688583
610732808
203979948
12252444
663205059
102201909
285624355
619013362
20078912
622732488
577762089
423724709
97137180
456508997
460638282
283894111
832692368
829678754
244933152
624936472
492817456
996592240
413510124
286444595
395523917
607791766
722142032
955113112
15233042
576105071
92691601
403189093
201803412
981699329
288539815
744295808
372323770
296813776
547331918
363292882
737690306
484363807
792385720
585973522
514771562
478298801
980265623
685794634
993041713
879133323
773344932
855560335
567237106
818399292
763598047
287820619
481778025
970633129
768965552
750255277
22819250
411730662
177195370
534957698
601250818
49794506
810539136
847767093
264475459
794235260
5293469
370121780
924680394
580144493
724761417
386978169
898164833
56904822
447732730
605109104
713439238
956106122
435467334
380880588
353084148
690619812
101755032
161354125
682467258
542036754
709022678
181830394
435290917
83560476
575726678
368642425
115101639
342955544
590076011
266388341
904216806
351059622
549434395
393779825
12924461
379786449
249707882
638864185
915086485
672629694
4560486
736006874
997923075
26912645
586303585
416769461
835315504
287814283
406218437
922334373
577558109
50560825
719260957
93549787
486027402
426039404
284238419
141959749
929057628
72258158
974578041
862813352
519833801
182484973
350109646
221532319
69552286
198982412
359106664
953034351
63358436
132919601
932326743
91921266
228141316
490236821
809652439
594373931
567017131
147228283
936225015
145056477
368991357
638977546
819247508
451850585
195603302
791313406
840501636
107852970
820807185
812967972
10894760
187811934
412911897
86946582
695449661
457942484
662904263
989249066
705526312
848208456
214272038
486948625
715269533
425298471
895724243
112314185
598551466
540299322
45483357
361224000
622275054
443746493
923684943
305519659
34993956
904473223
409844605
189756315
901836502
801073314
975413330
170646233
404746681
918752377
602936670
58411325
207812929
625788311
493162967
149413970
753113348
109913942
976614610
542377086
813240560
843560291
379131507
855579109
883512344
131426125
699920948
34292463
929674578
215812409
257186755
929445802
315541387
703078620
967075889
324285410
420663922
329480717
841492485
128009908
620634783
840460693
31494829
987383040
365252545
408332517
67945500
804390162
541540920
695090911
922661248
661825310
429489364
802294505
204274501
797767219
611681019
622213449
309497452
940712965
317299607
92663536
938795163
228532992
270005368
527703447
47227224
403211392
866414370
241228702
707610748
857738554
385298396
429581057
268162356
741131964
752282611
598806775
727788416
213031197
871928862
228410459
657084601
603729952
34197108
237732214
44420201
100287626
452111404
62634485
148840185
646616330
628462886
826374890
619222440
950845680
138599969
88497168
802546414
96129569
621113208
222417732
866469316
272643982
189746742
43092917
739403654
37664621
94762567
28365688
612132711
652904063
561809224
986556205
904275517
671768552
325705582
348387290
991505672
519214353
166635199
168440992
47904524
550026110
184828919
190852156
231591460
607374487
937585417
619224482
775951410
727999577
207383429
578269883
5524128
281694258
956233012
509061421
813457427
984376207
339544396
96488703
253243482
749719441
255671284
650217478
668772418
355368093
420209340
499709161
679679646
570432291
247362880
413436800
928051775
39342611
756037644
895809356
666899320
265597873
178042175
629885572
237420122
913153459
337908573
583511738
793438478
502127190
927844960
567385854
620304823
537985470
333748302
909023304
851063145
871466718
533054885
615529690
220177104
217881533
275342528
246505172
150553898
506116852
419496817
899354776
201771296
907913686
28647237
319153373
715542892
548123216
738282373
211652547
322463559
978631865
65099766
792916574
435585471
107474080
578701878
34495016
465430558
159167104
824640549
874448429
167153811
796041944
741826886
954541480
981008079
433882956
921911810
65335796
433641912
830061668
776578691
751525680
706630836
633643033
514551377
419372813
490917308
537051009
550241770
366694213
604116626
552176677
316374090
912973849
624018251
277010064
669996866
995898514
806729881
374727618
542936387
397314311
806718152
290301021
415592078
778660547
919486790
510441911
302987680
626026190
83726620
349608753
847184405
414412077
297074837
305768533
293235171
263469119
973210911
10302416
319718246
716261499
826692520
2791435
284262853
882242715
65476217
117064624
97672129
676095278
376651295
358343355
491110361
348534192
272562775
481073624
256096555
990081273
522319938
599701782
201102855
258569446
768908014
517658378
332454302
660142741
505183403
595846767
459405613
999147307
670976038
11926826
467474815
159790408
385772157
884300250
146817904
360721563
72062436
734159167
348979532
149275501
119151026
963593557
333994124
405532467
590003779
183590017
949804030
571790366
126268754
484212369
499922535
664153189
472249814
675759168
831664074
510436704
998702419
852440016
706202185
997566697
225487480
713390353
578427154
347533171
545762300
958069158
835432929
802577979
183371955
475722173
627311957
552635084
520208126
114054041
363085426
200588829
468362746
474650912
240148657
748506366
199649511
450555658
230288748
681743394
40869444
382573117
121115507
538119723
385148362
964672862
245080336
830927482
644120115
747226120
855338922
639132275
475087459
167075149
849630186
876714180
600842601
619428752
477770329
606137968
507241197
760052200
521822646
494151776
864052439
291203498
851020582
856068663
544307030
103471526
717301546
666599717
952131982
16882036
841017693
623725689
692498362
579790801
19141473
807661339
650262764
645716719
35799660
233491624
374920869
434498904
283474594
13992875
166824195
813297034
235205678
432443847
935909498
318672573
105088668
683952899
554840572
719139418
491527114
905014252
621819300
7597232
373535442
552593320
455424248
941347284
688619882
709348443
833769315
241225677
341944404
403645841
324070321
322438635
499603262
317646919
548782740
636271057
842114232
611223508
137226224
285667920
599797978
972892257
939346472
177560384
978865267
901675721
725860853
293003848
168346777
680011449
417188003
398382859
512564403
912389671
29017948
131421320
632501116
250477636
769929603
720425361
473571865
216888498
640456983
650847160
991559880
112481926
575792674
105760543
689697491
867000963
422364199
416293559
689187620
572200985
821277835
805182576
834105971
351098606
872757355
376248211
520785447
991272988
76154897
208367010
279874868
261326923
212933727
712379857
840104189
771871557
261573534
762369413
832567455
274825539
138291839
473383213
278600976
354924921
937361797
313625896
21320145
888603854
789413914
568959634
91198372
524062682
785847125
792402159
192151899
7515283
28436273
772910692
642488582
170941207
787584234
186878000
278138326
852667875
235207694
273037181
48966286
104611825
583200201
410124857
254356308
981196247
957210692
829171433
956215022
38986064
973154019
371784173
959814611
394275333
852553495
196153590
414636023
337956064
441607904
19408337
421139334
205644128
397732502
182681446
167389722
723506009
966698093
107391137
205527289
481931625
233622724
854312990
747688932
942566430
985433895
184592388
315763491
170759541
760085555
227089608
250510332
119582808
689788804
495529097
459282119
511070345
165780535
62476330
426772126
498554535
499360898
264680078
284910456
722545212
620969023
958879965
445204233
684355137
824000855
181686041
625713960
321028465
823198664
658293925
244876078
379858416
700014162
12977363
200358797
516075294
99819714
43247002
252345763
970463947
383852817
699452724
233733120
653330670
345912112
807964973
564877631
725200355
22123641
186673005
695946487
589023220
569971060
122557332
127059195
189291197
981692870
126465579
230164243
676598948
636268220
115284589
942455168
302706308
445590964
941207605
483017946
221082576
309723635
437377991
401069686
345353788
610291533
963534263
325165363
870343787
759313472
260112971
150054284
119488782
504794233
810710599
350569937
951695524
879568632
705173586
140440296
803508315
848450710
844025483
328722941
810851131
768574216
916194069
75693652
441106817
547819852
851626022
930370157
566240076
933169139
204247484
958822164
69409053
456849914
691910246
562408509
281371484
636423838
670052493
777551237
480805006
645061223
966648600
814292449
513482455
553040483
852694684
489949994
77273330
554530329
696117678
267421817
547545470
505975655
5662117
867762747
154514483
107525548
603083815
779166582
196074843
142920500
523112513
823661380
198864446
491664491
813504513
514690694
844427397
256547461
514561665
129305629
147393249
201174831
541793578
242585411
168765140
773668903
370752527
278539123
797336359
375225376
28371613
506571145
509838445
501232289
174048780
867591167
209892577
841862274
176120494
362919205
886902021
68421952
978577176
48437245
206497240
279263347
430818622
358716136
324328036
321972028
815637188
541522697
923659543
470227532
48463942
729890392
87542571
557681083
231090365
16079142
117850600
630767977
923155855
527715335
852028673
394980246
874153336
63886765
236559016
732660412
796829120
390307914
130193814
911498910
751938310
376444171
802366881
55861499
321338347
327088897
508732143
806361691
313354316
431550086
320964171
332548563
557560992
920754796
819665552
809958570
328760245
883045930
353371016
395026069
665764380
420878558
329866349
921214180
515282576
870911234
137441190
648103985
704682728
226683422
251773485
805312905
893302695
689531389
545184968
790907134
98223873
541145831
96363072
42474036
576155176
750591732
794773994
283924386
890391737
755373333
257226473
319012697
6046163
648916688
427549052
499188534
689910874
559599275
602972570
797730075
669881805
781746346
485167307
919582065
637919351
349004706
849552627
175086885
986478288
267284263
469154767
383749808
24607831
432219726
872412950
663867199
236923261
63922726
704265073
708281154
306582150
178022505
429156088
185284481
40622217
430412810
863863250
312254454
354504396
199396389
832042880
799353864
512854383
301566695
607321085
913428744
566881149
251419939
487690568
960072250
215199595
850060625
505827075
929535649
749794261
70705269
217183692
755469735
326043961
232760134
216804386
251076452
771913774
634613094
690322644
732093752
896549263
538374228
644113546
261933066
156057637
590684335
664725021
94633299
327521454
887010008
654407099
268783046
235772521
454672068
699347543
59037925
91591065
368437681
550337256
117092249
22449833
88254051
633817062
460940552
597139639
346769778
770078946
785511975
499672131
106478920
47689750
800256243
346496208
256935247
172065838
552435575
213146457
579331782
30018117
699485168
361634203
429884864
265336032
828141090
134939210
584209587
571563554
829665836
617162044
710138460
983771401
391008542
576111328
7586985
502138998
642038963
417457572
170479966
833837581
728643182
116580621
99229262
803945119
584608938
695569444
163923602
69177137
496437975
335119445
831431346
476616432
753340180
367646256
955702650
647436602
230776229
870587203
227560089
560899147
819019039
464084935
881627097
267004182
39623367
166975083
836025261
258926940
743480742
599846205
315646673
7122364
399351155
425962486
421091687
307938453
500792684
67171669
154695450
610409847
212981337
597228648
363702650
519830416
673335171
222211625
699897916
470466830
665923080
248258820
830752524
635977000
239605437
472593659
610760044
975017693
266941585
248825012
901787881
813025891
889330248
28806517
993329115
493396519
290006427
839005921
423673436
947817095
671404799
554383607
999874039
94121658
530380035
75191757
745855418
476756315
43222370
266991606
700201528
943755821
508416984
784964222
548751238
329686267
520063882
781607128
449534646
265272133
123190555
801420877
985387878
703492974
192659353
194978553
555592269
192831663
588875097
862681473
438696750
148577559
747355776
677337378
149075257
585942810
801252254
111218494
855094415
615707525
747418299
203646409
618847480
689236993
830449144
825909946
938084579
147236362
67406264
318778864
812998259
462765070
995248636
508250773
205725801
347055378
482777876
590799930
702492984
767085270
334475809
695815218
399265319
796160244
734307234
13507914
213095436
555037114
817980529
706535603
453396684
564775760
948260979
440980542
904017596
480833717
302063005
484904020
147520183
202433607
944267832
159754910
465755199
395654639
199303329
724959365
539168311
915485707
984257605
218443967
685550233
861674385
413966110
477965440
178506353
825148783
922383361
91921810
166858194
936777883
280884822
182009848
543415562
15075360
519253179
976723270
904601310
86494568
773550186
886675680
272645369
384669221
968971909
160222954
473860607
570452678
432402130
385006081
814502956
742288326
698603519
657674008
263015802
470192230
660434619
25220812
348353941
389016290
893538711
353177065
592096772
200057398
277676650
742558036
167382793
533505087
264019047
844027430
277249884
717826614
152756418
819007796
812608362
969737179
705837246
436686186
838688394
643065948
536613255
493559633
436436519
52740012
112014093
208667463
731483976
198631215
331015664
35807511
435263682
87090046
935759077
256773687
979424461
377514503
531067565
152031693
245865805
285744531
484922694
788937513
504692292
31573140
811352609
828891672
899868527
809149367
784061125
578486311
258511854
278465600
36986737
268730086
108457946
725667483
129138038
646182336
987251546
43343890
507734290
150232570
948346072
673701091
223434916
257774306
722525679
464432242
472159379
776425370
909438657
892203803
1521402
519482034
27806242
605375200
424366521
238610613
302787618
477040678
568388531
266477918
863921088
363366906
390242155
647798515
801165334
735344116
549037816
489969849
744843845
639868926
874476810
218151543
359748212
547714904
448872106
881748411
631049715
979985966
662459420
483219069
348488048
161349002
4231174
366066788
591494635
37419762
242786593
882803424
883986342
301728068
768492487
648945290
571769014
824936596
952737131
52700135
564686679
9063817
12384008
952435902
455558737
108570872
598609251
956596329
808899937
832270457
458998260
237487633
335183265
632288789
241132135
765242447
315109747
148548498
306181461
830397075
582833103
307931130
63278700
429684532
635629786
390693526
407480010
641568937
186666511
821086673
211035825
321744597
717360398
779079691
715996070
371070872
691582039
921758343
701013702
595709034
518784657
103678734
663499071
436848263
525037313
930668492
12258819
205512293
587054135
803244241
974986222
988749883
323304189
412721457
1299083
464945336
306874018
367457448
328670784
361335993
942715148
556335246
687197059
882227163
237263077
922936328
418269658
739669576
969898064
971302846
768462220
526686591
362855059
668380528
351490458
797104724
50139596
1048578
760968847
32339934
157040427
772751995
313847631
495562304
19974787
996208209
244554234
847570537
313756506
51660326
577327536
263434694
274550391
272879779
447997281
277800580
291518726
127112241
650842472
974365077
194701793
299041422
114400746
543774994
834764226
691347068
619248858
969030605
507601744
135577295
386305985
305497924
87217526
855316765
295218136
670465698
266221539
902325727
7765770
172680274
85784116
291437406
614600086
618344292
199070174
444998018
709800083
257009655
735600235
167779286
100103566
317453054
623136254
769117199
204028374
776069159
638338560
875450188
500033622
719519719
791907190
635770753
244334671
498159652
209836694
48674229
281347182
397685092
842748997
970561335
576204949
760302605
672586090
727392176
557916020
631704528
773362593
246395518
278312687
506478820
882128677
954805655
977817146
329465657
705606255
369315828
870178225
604287471
713468507
330191504
68293217
533288872
498910480
877279975
977011002
562118526
624130634
14940538
835565223
256454767
699227215
486558319
878668926
457704479
305645659
447760958
227194060
847848828
419067357
641160907
169258740
336284234
576528985
999101584
723001104
882205080
728839227
45373078
78294750
147671229
916063849
79127058
430274978
971378172
830127967
795715422
45886550
583191839
628506371
843811340
810069351
874322956
374053757
740528143
219599560
740403666
904863336
992432255
361566494
249965973
172527124
857787645
480729545
822769064
373246511
351882283
545864057
825199564
537113574
347617587
295252379
570119518
485154627
4727174
422020137
272107092
739514740
918338348
595653606
330435455
318037753
973606071
477819970
256632050
642846595
301868223
763032190
633889937
194486280
838802267
735324430
127223536
37814699
896175008
988561015
934428303
113236016
942373387
44809530
482175392
366259386
798283418
488915971
946438195
896936678
884501723
607178668
467074046
297226214
473727245
893301454
927985976
303861216
800550098
587268768
842926262
902312122
925322955
817096980
215461030
675833660
140462452
270241757
689154244
733332150
167336001
898178641
578532087
500598330
529105235
895236689
228739112
163979903
938615061
715176051
104167911
818632439
992640706
507211271
216825227
191763668
410844069
291807677
814710182
164763076
397499447
893921910
414450591
342966811
287497865
558656219
586328799
926430619
314909229
830454791
88885996
648082583
838150748
993909357
40511165
638453487
19423686
8049526
761940443
12403072
81620084
784026463
72435043
937246708
90201141
815315334
638036446
672089088
237225907
898886345
946297979
434088207
116260967
4747880
156188084
384600142
233746532
386577785
429464126
586185676
361430922
197053426
216331184
49863643
671265455
912909654
168867173
715952379
545573945
786547663
703037642
495523686
437257956
580761009
604159270
962450935
2848745
463455885
298898085
689785560
344333071
920237314
842331249
202215807
326526225
900268196
308929628
328732798
628143326
444766158
726690545
12639531
962989074
367125148
299366287
5162296
866956809
370587095
131820970
387733895
581630324
269099422
332169656
683306677
207567723
334406020
6441727
363843907
138704113
806326295
713876605
600786810
970420213
849434249
755199273
393543597
799179451
235942744
738560200
165785928
60636777
170427321
747041634
130087381
783325864
639958144
233567989
138636708
499913566
38650427
71710127
45519133
453492738
888303034
808117104
312124655
556496233
608301874
364285637
446861741
238934119
16918859
755581455
44028386
869316563
768069920
748614543
130022893
348064830
193384767
577235287
406334247
232892991
521621026
610311715
430288648
268628120
888530651
420264762
306154191
634695039
95223892
640547671
11151993
341528079
926375113
698360933
365728306
536669169
229675914
928408680
627363551
415833361
627650042
803746380
378216746
199613318
950719413
131407764
62137478
139124531
493223267
444591352
143574048
479519302
502183915
950278996
446407263
254402445
976551729
971891262
479268833
442760178
84870540
209954234
617795947
805077227
441748131
742194647
63761665
973491342
584563340
625980802
844618717
408356911
501488882
265881575
691930518
346363960
724051163
875614003
57180983
680585329
83747871
526100937
913651583
587354888
711199310
699785343
368948358
554306289
619113536
202301704
924345503
314166116
892344184
689819983
997049148
920697662
931021196
616439494
449732633
629550468
3043303
697973812
72756346
272972554
15387511
820561927
272172772
610717632
639523673
448480803
176667000
167686991
954414542
35690622
947558157
305038855
737470374
935750996
752738516
841151675
572535612
855517567
417706625
267115914
430140738
441340479
238662253
373577942
69137611
511968160
25758634
926770782
156952951
315809427
623827340
803479887
369774321
329345672
991415519
233082624
165638349
281385882
899188479
462188015
43018419
461172668
397166411
954565413
456698267
363636477
655179797
411608985
686566193
25329318
610579814
183045237
317547684
11118485
410177905
824431920
793530972
392105526
753358217
96919198
747673422
333842452
104124733
983273706
320320858
391640858
800296741
525812851
314730084
941245754
415947054
454390828
99018313
729850125
638688670
653235481
578173893
811540917
626714820
431955477
560830455
176266481
729053419
350182270
142822742
251362578
575003760
236076464
977407688
194602063
21874958
977280687
106464423
389727753
113486917
341210321
627676526
657126188
169988061
6920784
523011049
198371120
901176285
359392738
400130408
742635318
785126908
20370104
802520504
511131522
832584267
827539725
822926057
576324121
717696244
871938297
474901692
147342869
93672893
221684979
341291715
170899377
273553997
69880309
917478573
494644346
893280893
92158008
906323930
301686647
20629902
360328666
586216275
561922002
169854574
521688956
65903642
559580340
757745802
209654048
66379479
861613094
833588891
693488737
981351992
835445872
130255861
49585996
227838404
901123062
997824048
470412686
623724536
161003592
609673415
401409939
38082477
677791230
699005809
626468658
941990654
467403458
643992317
203542273
816898897
121868362
923152922
744546072
879052620
571208880
626098891
7806389
804522324
947799051
920341292
212214471
899796274
316177561
609600626
987709057
685452816
397861938
222922252
971939542
719805338
347080533
221465207
427097849
543612153
249798574
803397054
397190290
173541173
383788620
609295815
785508664
496116584
873305631
298696396
392194085
588822771
501989765
249368466
502161368
703827872
702436009
272745151
725989989
169884736
182356319
70157775
98713210
302745089
461415976
246394696
410266110
735303981
769589141
172455490
394042160
464013071
223106744
781806555
318186682
196645080
336566252
898787488
74638611
198919853
71195769
929155330
876105644
167036204
901120143
201805419
76331128
484644309
839581270
110585820
689548110
950374376
722295931
591698883
809716072
946953063
484019798
259399625
907965417
784041058
596836907
514585281
694103775
149698820
984414036
623636917
424357520
902015848
239607464
327119296
829623969
417672984
588400732
349261632
492461222
240950623
491193585
256708492
384958442
284015840
925352988
638159104
664053448
169098094
992962490
631587519
968993056
488914856
848083387
912410171
371191427
409333656
167971593
441540291
864683371
3222017
148986458
745784097
874721766
52606145
987964831
556744676
799630028
926254011
924165649
60974534
39620151
297937855
28868130
213904912
812790233
479454172
151363652
538373398
270329596
395829738
891225434
927076250
894551998
338755506
122156861
721735967
224333277
53598545
861954545
39804877
469381573
78630708
931686749
71703234
529296530
264241310
309235037
73689649
233202649
926846810
808477376
376254293
995208298
522070319
161496278
823891142
843160880
659654338
486820908
86274034
625664593
808448603
960827209
758670386
430154149
741683144
278023008
870647386
680139924
560410916
860902226
611689314
135646054
655297464
969677173
792794049
629088284
967657438
708805054
544339001
27178815
748575277
29347561
179221226
806994813
625057529
472885974
550068680
384928154
89759263
355506784
715244228
705234862
394856927
261280002
302295012
568667307
250286457
700612055
961604743
452452485
651917017
992209774
297810151
719799302
79736191
122559649
902571061
439249226
4233000
900299727
20302499
677085300
706309303
694689658
818425967
178171222
210021710
421319965
326992918
600975169
672449380
424721673
866419402
247918941
908164471
85611137
306107640
119446151
246971872
253335424
170248501
949670867
705647279
881657425
289480345
886807223
9886956
534646818
551364287
430740447
615710956
446371977
870914726
272726474
773195488
535666204
160761046
244747136
705330484
1226871
474790663
403821091
922763520
648008561
196679511
585340449
20123646
122210681
614430390
15535983
557900995
588540110
726536943
793860841
644811519
176360816
516807613
954915950
13729717
804152137
414441296
484551209
773586444
941847525
813172204
464952139
651339399
609766151
18118751
540664197
537062753
115988520
288420656
380125502
259209236
682137299
420311666
673788909
279873198
739038082
774962498
831134976
327801622
288309366
344184361
670683904
629015536
393250215
882872225
292834913
920076933
177001524
430477696
831658426
856884279
549899414
667332527
395079040
534515225
472680312
395194131
146063110
92279901
504681386
286738271
543098149
889426166
121860903
458173230
533079436
687570193
527061667
491684690
272472006
696667902
725936190
465784472
865557028
403825534
662151752
947179497
504591834
394134523
538353560
997905099
395054539
807584773
166855740
500049535
86221826
392894207
583114581
995947616
643352774
449622651
781727770
318090634
841420457
579436032
827701400
530339493
921809670
432248911
754064412
586004640
365606541
516889805
219174052
251401008
940662508
492796936
843376040
623091650
197125071
868935860
75268037
920738211
106423587
213880159
506142440
39393330
978376281
876034491
556400190
575790762
932986106
130177746
273180648
875080895
830429798
687307308
958719881
17405908
568723536
398062079
173449128
246702334
8473653
198823862
962326248
956164205
793218737
687618527
129147016
993879214
676205106
978188265
940556273
216458652
145559701
13702814
459974110
125669114
58250362
721858920
951084106
438117211
310132666
108972330
49006560
834590189
520782086
128180241
791185907
303203473
435668352
423232035
379974844
816109114
502928015
298568284
888563129
361723678
209223610
364876555
24932426
248964357
66503608
134892545
427620373
803333921
110891722
543539397
928822228
984081054
637738899
474154101
320883088
288976512
866113238
501533049
963969290
314603246
673803190
589002825
437545582
250793163
925600776
533812693
590094086
822586958
462919338
6796151
251347403
940048019
23470426
584105695
694846780
120135734
981952825
571098624
219898019
813081851
915876619
325575494
609768892
940552480
740705587
729930596
599414838
351631425
744709474
527432177
260793321
503075448
893879104
963881579
286905693
786510439
358140802
370238346
76919833
961649339
672164038
852253097
874910710
749684288
530316468
557594691
388449535
336159035
217884029
46413315
519944481
902780785
122401873
114778233
169847131
849789229
375415198
627244512
606622860
189330278
511029275
560711198
547043161
466160247
312265625
697453241
803707089
793115266
645349492
669525417
498440420
597931695
730327646
852970157
725286200
992141036
222546035
133425138
880867126
860767491
453015698
842596876
158094005
769307684
88985807
506908774
77143330
626170803
983658640
562368504
196686007
121533131
911611828
89076105
694422100
464824909
201696844
553570950
241875864
286954625
73172808
934938520
53604763
941703710
228553517
315159760
980934538
508994989
577357545
361941094
739570745
456088477
798174434
678935147
461715116
278860797
390390132
587500010
315342856
503917501
73905758
864228894
561447662
334122614
661288716
48794790
201725275
583403314
265965969
336398282
508906484
879109892
66898749
637586893
961210835
529262314
646163382
382350502
50646629
269773328
368926570
2903549
282045366
890229928
283507402
611700324
591379244
282767520
850216931
886559548
301600303
736110611
567051022
985070775
745407652
823469739
631380867
673812518
412793120
59636075
828427174
773862912
165029483
298831641
607573246
417054767
897658017
470694302
311330735
203753816
75837231
716348291
283429187
565804784
2146850
673471487
529516135
674263632
645442399
694784861
795103219
473859239
85290357
369301938
698923061
678661014
195959936
751831156
539503794
375471009
163284383
333143385
171853660
828742434
799557700
300411878
933862164
450116667
434759361
684437260
406200205
422470083
781429919
577536448
416430033
667969395
343165984
991132519
919655382
833430183
105377379
802516503
758367991
902222938
69090251
934450972
790801453
894667192
653176793
313271999
788844003
391787257
843016757
519788370
146659011
909485447
283305085
280365997
33259254
30091037
865043459
229256244
49531694
158124952
214251039
560269995
21088901
413472748
864274654
255801350
853658790
977251133
335667933
12698145
386530649
228868067
493270854
704803028
261995234
60215950
520303428
498134615
491999159
52051336
464971227
80533432
961602231
341628077
280759588
83326789
634157864
968519246
184846007
309670933
225907070
555123315
685556374
750009390
137823684
186496838
539981043
478129932
281758728
190253405
274802157
899468772
478867382
971852739
548259327
838306282
512653255
842006608
797424695
286601839
791000902
744922264
906620654
271029493
397300863
346535620
801616657
3111355
132971395
458838352
404183196
51636697
1201372
349487075
22488387
833227153
206325929
659311809
464944307
944799396
13689640
626295934
222912583
634659673
861538613
464595329
194808981
107772550
263511579
488765998
7158977
373139289
215592973
218641051
278943349
847273732
51615734
32112538
54317349
922881654
494202201
722541868
298544115
856336302
398976777
429076046
436649719
761034983
220232508
454754812
61946811
432126970
704908435
577586901
918389938
954437776
908032303
628667081
732604990
675172493
653242883
449593010
732796333
114783081
429989701
963622513
311612027
764034343
972976824
940993742
626576368
362619335
197692984
929662049
290441642
668398456
844547817
905656099
603793755
77266678
270221723
75681770
923432401
242853377
706935317
664633766
995770215
427413983
571645471
24448979
297578107
833452561
694429128
749042828
527045167
127343792
441150872
209566662
935019090
564319520
404890158
707013016
481729237
763217674
428703982
223639131
794813071
187786960
91037307
85795260
67591025
596152825
882738854
228754430
998052733
681455458
520233827
150190020
423549175
521423128
563378400
9591608
497218319
644037230
838109718
359475403
426332410
397315747
477826613
943086051
176921405
967976784
501362220
681454993
260018996
421730133
700344180
728025035
135128743
950568806
343338956
425840823
382065171
165701344
521310400
80684926
896771504
921222877
965670758
772789504
152353490
592606786
966745478
101937065
773130495
583396918
669276469
635578937
473899742
607649687
263611280
303959682
416945125
977860103
733613725
635662315
978396884
415957950
706853516
582277843
477887554
939716425
709195212
445879938
878508463
4874736
205717044
871600127
613152467
734669782
285916967
228407242
429086671
87507521
274270099
314917631
210373769
647067157
38513603
814457560
492928959
660251030
411202175
497663310
581902301
219881544
374265621
176461929
549943483
834422740
159337970
437661130
390143377
725705376
223625855
358793443
20095151
840105142
358957246
865749682
681372831
534442253
898503456
726763294
396953360
766914232
830047741
689887206
362650461
476514499
201212559
288562943
577742572
372227648
696888192
208976136
187316209
322124616
686679417
938156122
10168603
862003576
378154465
163820531
659713047
232517741
214310919
441686773
492072675
819215713
794347155
180414301
275700619
328508865
599868596
825075673
444171843
354099776
955240635
433349047
170156609
220272401
449126524
160935871
427135681
120366050
633261639
111530499
622455467
54973041
461885810
290458812
871962121
879912142
9796490
921950817
817847843
540193204
717150347
605175279
898932939
873229624
351403532
136275485
905656770
156048568
192338912
395847376
467210059
953318480
353807489
326670887
33252576
23498990
930533620
614911353
307780808
437097580
566997211
763816812
719772559
890434338
242131085
856195125
144040170
148186621
612100228
917272214
132044835
358416377
806636546
565120133
977867176
176292069
902520960
140222906
380129992
467759047
837196602
202828605
983320563
233723734
321584767
383885671
769152528
298818069
387048395
89520202
821908636
365678394
109638383
246175202
95970093
914209653
40321479
197455819
792601066
662446683
927915000
782837614
465227958
728566998
521843034
331932314
551886661
493718442
390823935
614879870
169280041
564579148
169773070
344459872
265908843
997793894
973643786
90208862
428658293
121760211
19366702
414046675
230730607
578927021
840768868
958455497
279188003
523105063
861985246
119280929
758083870
128024157
822308629
696228328
629435405
492770884
914206739
189483196
270554898
29567013
615253120
768924679
54842042
759237930
116822058
893835665
845224492
185280507
956054395
92860189
114371444
780442418
673457034
339965594
812451992
514012914
288869074
91901057
135830432
323915700
780487683
458824618
1277733
409278009
759257306
61192843
538664613
911265928
368767831
643293151
481940747
228962788
267586236
891754964
369467892
668636882
488481597
214201573
176808619
80348318
460562636
959335812
621598199
716667649
215544279
221207951
178649893
924522662
649088335
757778291
608917119
904457699
931508952
255751510
435627657
65655373
502801583
778129404
218629147
788432875
770353785
594782541
386130448
635680016
338209839
433601637
939108178
94559713
939033036
121672405
532344968
443752144
720579422
38135369
612389719
890557210
643434122
305615865
795608561
800179605
734970
641962038
978862452
212235816
869764533
658519798
63805132
102990109
353997768
185986035
485061326
90089513
47419361
203296441
118519380
361167547
233884345
547535917
204743729
465866433
210000816
951408880
868914511
192605788
150827406
798567489
344059731
463622500
606067232
321253715
223272673
484357570
76664721
955042490
434542957
915507548
934499300
170021590
686763040
711015739
501963143
353249938
227785534
912140556
149913503
676510405
476740218
677714967
509755410
465066745
273777813
678526568
757592535
364294980
240383109
210532299
411197965
610826788
474125103
641479329
80988224
820183218
980895264
152210881
3955837
324149473
95492098
121280175
34048172
368491946
434775365
75068190
218979587
335697562
126095550
606897641
986172057
25096905
410445865
956996979
875411178
371632910
541457289
432130401
612221973
693501736
400686957
256640521
813931241
76887642
487618042
479485040
881979950
385709605
580999667
103880223
410339053
549522699
570278547
269544579
209670186
925150983
650068426
345171321
373075687
994303225
79244415
343878705
800582323
237512437
509803273
912441459
689394255
386155095
830229943
135208301
281660689
448365501
921742147
130398839
340520054
675431053
837402462
148079982
726758050
375035482
131196984
307803009
531934036
728786480
874136543
388301217
813766658
683482644
138252195
556791914
293731228
313413854
486959933
605007340
339876282
500438534
123752918
267392680
557772703
452757044
507727079
671704117
339964680
10332579
807767210
76434290
671400888
438256357
242595073
329751966
718347794
33318363
873059355
356390704
403063016
567445083
886056694
620095360
949236006
456803858
909051343
217787809
800889949
884749610
796567983
190828211
746335670
846747639
580958703
862205982
243742009
667679196
96676001
345005483
402257905
42734579
968529554
986811392
702578108
203691153
970041359
89906065
336497262
592288710
389267803
109904356
563453520
250502811
401099859
151307209
233968926
644297659
564428162
876900247
221571801
423750443
607080070
209315818
494910901
908762298
643185305
764971927
845133349
329583935
468386604
847022697
829757223
833376970
543687799
637730317
711452053
873465961
616017029
785693633
49768059
947828166
276230889
108699763
483838044
147126173
836972046
305288253
659406318
180229778
55829549
401578429
419855141
720724891
577025240
793285729
863120995
326518356
167767468
521278723
832087282
356796027
211360669
431758297
296481633
295512490
140577424
411963335
329745078
289158330
748733714
311047768
790392239
961415230
728712392
669514893
858326887
576591696
906961280
924750629
778003756
250676866
328396667
603192386
476191701
686523888
185255396
463988882
298428785
990164861
103472579
952305450
117852230
706427886
363960194
583166796
168919790
172203836
143727681
275146459
173702416
413983504
793161761
603809093
440718628
467302615
175262236
861627173
910572399
840760435
913859025
349169520
112772843
141199613
569528449
5697531
239954802
539152076
501451708
477540629
1263865
133265681
467014975
874248814
566134786
22218768
579801605
668900088
619074516
899241470
499120949
834076979
93068121
961392917
165444372
810602211
213557575
280036641
286163207
77132557
347913881
814210853
724006650
93887726
794708467
152837267
653436930
782083401
396179226
21513742
960820765
321467475
966272017
20402696
683551249
854508768
149116688
669182715
776148655
688824168
142954308
969408204
400436692
467353393
323879915
190777308
710581794
878838860
234817055
284556055
233799931
747016783
549192808
508327555
314436912
872605800
747264728
713432416
313636684
787520483
601132492
61245448
552904080
763335641
53630376
74136765
419707452
659705843
80477356
54600009
564143494
117044602
203633113
333090433
592281810
668416429
463188749
574129114
699903199
81232354
557022371
285011906
793391919
836377094
405934626
976416752
121222323
646300929
61406815
789118163
694873365
9946382
223363476
70647972
578446990
99870296
954679712
339943946
567256333
650861762
412682770
593469001
684837180
943351684
669363979
581282695
391564641
754102007
156713991
989228131
663562981
559046094
78018023
19201234
326818289
964710922
933274705
355980254
758706718
434012990
616635862
459417987
574621688
466589741
689604975
255600064
432775783
494113304
85116267
54596781
330973579
288926478
916892787
539628486
996919919
799608813
712481711
626468701
994064871
970243636
493167921
301272003
808351625
338479167
469936105
492562217
252584607
389745500
115976026
188358101
616970902
133574758
605397561
870369302
687939450
509145650
920094808
405091682
752805772
110353352
936564466
42980048
696903486
386855797
538629
576410928
266826258
864980149
171631284
157565391
886516351
761631246
816586020
672950070
549546487
545696131
245448034
427656028
122960252
828062073
873754524
912435758
502407989
800253896
42240578
124940383
990849309
655508370
270550425
641616681
565739834
977642081
33253900
221216673
308870991
84315885
927743638
92900310
317756363
959169927
746336906
907751230
760012409
916690345
311759721
796618518
415852821
220938521
633503097
484660328
404424564
422662229
757112241
572564244
908058565
816382624
630352930
201897518
575941689
895807440
16245411
282736559
977576464
725378575
86269781
843013518
361053112
316028372
987689467
545797291
664236290
983362812
153707902
261868977
743926297
80679967
598675914
736771436
36988434
935736042
846705927
824220662
639549037
352776760
666423839
301077102
957142980
749773576
273574474
474758679
639345735
65863324
464967374
201748504
862312605
889820866
894671589
861754471
164044487
17685578
406499138
121197320
423045240
402491754
598856103
430235759
820088852
522096627
617358796
783671832
217617489
462714573
580338066
408973158
436756506
155935434
747597542
492094577
410513210
350928613
56598080
491998524
395932680
910718724
960921823
914238068
36472334
391357141
359172081
166796038
220045103
533637222
309677757
161937988
87428191
753634202
872066442
342874190
536431154
757377018
927134031
874146138
255798562
431582340
729178468
229941810
336086001
636415952
200823980
808230634
582515346
248222840
432002599
168999230
212206156
798048019
212208424
184167660
707720421
570650454
186115528
318055619
958146905
617599709
89486732
973665780
180142300
240939550
820214389
921768337
510552446
299297156
486678604
423441369
308293624
308527976
930439459
21020024
799405226
510736697
503093798
210304418
228320803
813330800
36879901
847836412
930552565
575015062
366416617
821064091
314089491
968332747
648952052
830189697
545331797
248666706
638386849
838257100
856791361
696390175
318691729
941875136
189700597
832905512
216008502
225724244
32097978
783859727
351966208
237102633
420881294
770730948
22850609
458642545
432211960
697180579
1199324
582935603
949298248
218250815
746612680
607906240
569160312
917864055
77648428
430278705
896007129
953649234
309509047
490534433
425945088
841104808
955346492
276479193
61636675
608857071
485422229
846932430
555528693
552005567
163322613
588571276
964765231
681409553
333413425
657255402
322247238
170631280
9683565
77586707
729744719
339479598
433676780
579616821
197794043
472771
250485558
781686181
763960776
210149709
145541240
800698950
402580293
565702970
346593766
810344308
704470820
750412627
298802588
803541000
268189359
712539764
248771451
451290804
484441338
404420042
877316863
531058605
1017804
155428182
389358986
158330989
589065213
579099430
582595986
289629563
273016347
199837731
513096216
24726853
981217088
131572547
373557743
857795315
417953567
312469351
598095189
271202573
44006857
18084373
470647258
312290475
365840969
950975451
766470515
678376113
104428831
987169150
468006003
320419012
599965156
118396999
629556685
37640123
995895944
205124288
35028164
816935961
82756404
406891184
6411145
880834662
141607087
152630069
989461648
251027314
307442183
615199860
637321955
892642391
798176360
727014266
441553721
41570635
16332625
59219263
732535481
518795604
53794723
894651749
258712276
118006563
994934119
740529836
23544821
881450826
235626680
563300181
209007510
519102915
475181670
76252476
427366871
198332394
347847332
695949643
509432251
921525889
160330670
560665636
118379918
713955699
341755694
161985548
199898998
244809150
396265192
554357015
333466340
279467390
53265389
658082524
131547358
526305669
741672316
660639171
975805872
561177114
833860723
665256116
958214651
957524832
5977040
556674302
466955894
707602855
43849575
713798013
898665222
691330205
850310225
348081003
83525275
285707436
945354265
915191939
678899450
341998138
65572111
942847948
720261945
619733629
418660340
21444025
203136784
884340494
842387847
900772443
587277399
800390260
658208937
533054478
212796355
11176039
692608133
807470053
747824843
974394383
740982361
885271825
401542606
700748992
496109238
697763536
892783292
731732615
900352196
625060978
524237549
305700364
536701761
545258241
112577220
135079671
960490440
550825877
365181043
289518489
666002066
632294928
729747283
325815418
407190981
659235792
833919014
868894297
596853313
24815396
470117428
173618520
676915044
70820726
502770174
853065764
666035178
202669604
402630094
496295247
26993603
467294604
261686095
112563341
372529472
41402167
34340074
415183418
904292079
983571404
416556936
397572717
749249371
471934926
542590158
224410983
349295326
662617344
21816511
284291965
142732803
27676138
453665375
718947113
696728844
977426421
568097885
578022163
446763423
330171833
885591237
942976152
136924678
767706385
85580652
372522514
772096182
613108860
14652869
935738525
749162158
141047787
818239167
127588866
80088989
363592815
251709913
665630477
362588427
692585605
7800626
478689619
503456374
924364581
253029873
24816285
971270074
545083523
59693486
840787304
100848063
301455911
451701103
789055097
954178236
610951530
59528870
446469860
269044858
859811023
881446416
952754700
101876798
132222355
346035765
984573340
818052530
107619054
974217763
82908465
936544636
620314710
163280500
825000653
773299477
423904530
883398642
469874551
937324353
224337860
311407256
457951644
225629496
950178693
585778184
820346890
791345744
27315845
519559205
339878094
904513526
359769809
788873745
797102091
777245098
13440599
421499970
180101316
40021436
123731123
826819258
373256193
89214669
85734586
199204751
614022289
307052352
134664338
877484688
731839617
550239130
236045962
58705420
583187137
360853380
513831468
96866659
722999533
9851792
485273213
256154102
216476906
487039114
832164657
915811236
340626041
326008393
322016963
642393872
443274159
320327006
821131726
304473440
618314357
270799121
586368594
706657340
139846964
138093345
897936799
925560623
434536739
625519676
724990427
976307136
797535349
717483755
555346981
283476146
85686556
927756471
914512843
59509048
135561006
305632554
101296989
351129177
592368628
781530378
250286749
314599586
803271652
324095344
427255675
559123111
756793493
743259093
764146240
341468950
364155950
762240377
671833273
797783206
20029213
466210931
845994954
653375617
962527492
103321204
247327242
189340048
431710566
165669026
237023468
616333240
908637396
742178156
499015216
119486039
705078647
813792937
453576331
105491857
671930648
764959255
294740829
580082279
943591445
872356773
589900011
150630578
102266044
593091290
560039419
254799104
651649665
593474591
569320453
41524516
917042973
491595660
874628866
290760680
520211682
1371842
883768685
488823887
728728627
482721883
181667379
100924090
955094747
566097527
501413655
532869770
315719998
367734110
533766385
617320916
45039162
811227512
890600523
253231133
583756146
761569779
777302239
150601902
77896290
134677337
935444327
574474863
196326870
37959450
378857022
596039085
277409284
991521816
470007145
456548419
960338143
405970501
24445105
814859752
722973896
637514791
807849448
482642697
799462715
213179315
49544656
846235964
705864990
749861178
609603917
704781405
331941274
12810233
121744702
261360711
582598723
405634226
901074821
453706236
2958026
71904418
220676833
357940566
976562929
561536646
53260470
315785789
266172487
207260592
588327926
729218386
14319380
136715398
897560785
701185803
700483640
782178246
470590524
235132344
479540845
330616675
718200497
668447359
792663899
613113076
168638723
575528148
813857495
387435950
599261411
133505536
939278453
52055160
328403627
243127111
451863340
77239339
440231917
478057375
683141274
388177919
369283546
737390130
600877176
449195304
891098941
904844826
859929117
627560680
505340802
257322424
216835458
373353087
172337216
34041623
844464480
27808284
401275343
301160572
70048663
842509197
918065094
993275557
971280188
327568620
516210282
566705965
548052952
253126327
963020991
211436976
525042838
320673812
137649093
385254364
193697074
609342499
91366146
628434597
592815376
31161115
805069959
760013286
454599460
215828052
930728882
276906111
277106833
27823486
789965652
697572479
383054001
507972783
669787496
601908901
819362781
724525726
283777690
862806322
998699912
439957807
388006716
615275939
616806764
360884497
554745250
447620009
883946185
177948283
824623012
562662097
247119377
243063322
92287887
105072064
205645693
826280783
650393117
170983788
107390947
794847307
17519802
921366298
666371991
356592402
62679483
957261116
52043225
544108899
830366199
917692768
987625702
328351385
890533529
94520140
665060259
996998896
321759857
120927185
994737435
86557659
849238562
95607006
921388196
307150189
223821345
989751949
652217957
360398285
475322747
341204941
145941683
712227666
736604976
85902796
167640615
45325659
833874286
396500293
755633970
409893301
964654792
231359373
12077345
154625375
704539198
986373243
166164946
557662030
412505445
938176740
766034740
386581933
467010324
767287508
499482186
197488868
502889840
389599178
170756691
446961640
428328263
900786880
843053993
472859903
27180947
433824796
868166637
461226721
67151963
223934503
669216870
549901021
941001200
848859360
769881348
723943858
361407135
687986741
738108297
681688361
58213539
902412827
787338465
67204562
497957027
331520363
610989835
247555788
90846635
625466246
777478232
322713725
760481311
640496728
983728354
393794566
397300092
318913892
218960462
427195328
173461275
185679874
686322958
850216355
881201792
443953828
21291326
106697832
808187505
731346650
655478380
533136841
306039224
909104075
78615544
927338112
252376528
824689735
484425855
689167653
715286129
511520763
679756960
507546881
562732827
877672512
629786178
550525165
160192892
653009170
15472444
817994896
826857190
869118118
247653171
709843459
583769761
769612925
215414119
422611386
466442397
204923305
724657902
330799576
407957192
442970367
556968410
880218827
627659982
567774468
93704105
106039818
42375673
178201141
948933239
688763611
283070683
277684520
500894180
603191008
533378273
59894073
38230649
722322480
749044745
167895936
206062205
850738356
386777812
866750861
296273546
703377207
201075418
999415312
110011897
817272740
997238407
520127498
172373886
727380421
693812880
15923162
606143102
705368872
896131652
494635147
488554317
670985882
927200270
234030696
161325538
945118787
686626224
105043821
79635762
29023767
644770927
472938606
26642927
350520435
260866998
548533096
600324252
357075107
413692155
683424713
262169632
59571283
212154132
181108111
610294049
308068858
780363187
805220393
286049151
104145993
896436108
151853814
758722566
257170298
736302692
346794342
52076681
116850128
324027417
728430730
632562814
95374565
723032678
922040394
373623355
852573199
52964908
840479157
153425259
597314553
893541178
525260080
334495672
416521129
362222265
585650875
785254099
635261479
970304474
843018192
425179307
829970564
778272861
898378027
2624774
964041296
687252271
629125167
802092797
7698435
306697294
161048357
368466184
881301436
787887072
481446703
463273877
767104870
217873074
606744331
458740017
550665724
971674654
169093926
433166192
471140743
935169507
922040157
11753471
165506109
158252944
177166649
861106012
49724356
653141339
28908201
654908256
675477340
618100542
643361306
780966653
630946521
907687994
632194812
997402402
930636087
751037691
320300903
632224724
729652766
792172125
69231273
129028103
39476463
447246610
982416932
225349552
464979253
543531764
197387631
650310530
935391697
681443795
229007785
585604290
739518115
312380408
97772718
661566415
88416191
239672513
885506940
350468885
883920347
883726040
38319650
279230255
245596365
526768450
308393907
258011150
398328285
46191926
44428585
757355061
928755380
952362721
758739171
235107796
864494033
318991440
582796759
160668595
144963038
619391340
3913973
153631497
480221834
864561358
633132003
52879133
619996043
754762286
567643878
940639139
699015946
334849604
129040481
151168162
187550188
792706538
434645013
832235815
140877519
671526591
662491658
397231980
213129323
911765101
563393571
395119429
886145805
411549672
51771533
94027129
432542429
890184667
608932893
487848497
431095504
931697180
543150220
468243087
876421462
889276571
115053442
380595170
591113878
169385774
903747978
80956282
264250079
953569919
386479577
485199426
68428010
244540790
368004974
342665136
870550568
606179579
310952942
526829787
944663540
265081170
915157613
385910663
236456918
842768060
732733196
672002759
529325718
49837685
151167626
238431205
873274218
438871432
292877563
854763153
86642928
592234016
551505945
248061057
306223916
265658711
445656985
193997273
353931707
736078495
702977509
508738259
593752350
44445388
771841828
373412586
241857085
25260486
941896954
461903594
376392700
91838407
489460495
312202819
34165066
270357563
770700142
202329253
377568032
353585405
598977803
295918010
495610066
240571574
171302704
950870358
860814984
963409939
811101714
71268044
268363705
340906887
786212590
517343842
463494797
969421285
325759578
870556432
257261259
171454423
802995657
56065279
758036479
431253123
834337867
740153059
394746699
660792402
221282017
109585348
900646707
635432485
791852467
763634810
165873766
967872397
901034893
960807088
619215264
712979832
100216398
229699548
901675100
416875944
585621783
448406440
256676991
160299678
793199283
831736449
94243415
270851167
953473554
293855086
934578019
59030365
77471327
513036918
78075632
556126478
880807085
561750423
972274787
130447918
596228383
555089044
1592524
376869212
48229378
775070947
63594085
96346441
110452749
495800153
47067149
924698903
724664747
808808971
797682395
460016556
213995122
800455075
336166167
911984982
616058591
532697305
427012918
861167638
544742771
914500405
29946258
439759984
570084700
901749277
942115959
901006102
486918250
690859961
926932061
672690515
595972832
853622708
922708574
753113433
307927517
217860578
385305731
621647117
139774625
578503279
433220612
565608008
378106770
406490610
398543793
908292031
13098000
496078022
907587941
239130395
579660681
964131819
858957896
702366697
355590257
128246507
246327820
608224090
226597143
427409058
711219861
765053435
937700570
825566429
356312907
921023487
864597456
156124759
616083715
824145134
287966940
666520931
477099391
726738608
957998629
253781998
484452591
488374674
547064939
314440653
534690740
143954769
702364977
754141873
53881044
59906958
982906576
675273048
850762499
977764132
682130328
584983163
556528652
254285396
888266496
391232576
267128706
458815788
387565071
735891134
332088815
580675785
633773359
899626580
733126783
966221930
511611208
725730499
583260745
316711093
739656525
31570251
569880105
850761562
319765858
114701932
44684658
143770086
502584983
130361732
46717584
194146873
623186094
435165069
405702667
690312317
122689128
889802954
275229296
714822884
803652092
212102126
761637043
525354730
294147586
68331448
952211929
148278762
383804585
126760117
386307105
826127172
28262410
681971091
157555029
15697236
807946919
339949181
312217190
484161018
922435904
529880806
932583106
532986929
696545241
444144068
692617479
172714539
929859651
785589049
861674152
813405703
987362846
25323249
692513931
594886312
852901209
518489708
347251731
43202478
94637708
899489218
255824261
981123201
665074588
850359595
587528267
567756313
317823268
543257276
160836358
679115424
906416773
790116185
232380471
943077710
528327357
823653868
460870487
130484244
661977654
962943707
425351032
357997956
732745371
907388016
344076868
191158719
136553045
21558989
605928087
959872571
921491863
818386967
32655922
4391405
416423085
691608425
846991402
367011835
258507236
981869684
590928326
168912798
316924450
364485487
541829316
168223540
395307487
250273495
883508818
40198914
191436571
261346547
284977925
504885080
743309651
662886228
907811453
28759115
879996773
752649155
576152291
611147131
565566649
473165475
394688567
992445410
366134827
389219989
72473046
318671651
276481216
958720604
778927600
617891684
319912835
516594741
456889810
444557638
451882421
462697535
766337311
180917178
607319255
927108
178484237
514303931
908033900
380632427
427405681
187079473
192684660
512652089
284907397
844589815
817038836
63401101
73902927
736195340
340052427
539457061
670044833
597598991
607565994
477644465
537154443
875732092
14047011
971684206
873778763
112972037
17464420
89037119
483629438
402574387
374461086
339444949
655493684
803783079
952215043
227248022
106973317
206709373
589325162
56540247
797768610
58931876